"bf_crit"	"r_val"	"df_type"	"bound"	"bins.left"	"bins.right"	"bins.cost"	"bins.mass"	"h0_point_cost"	"h1_total_cost"	"expected_cost"	"interval_mass"	"residual_mass"
10	0.707106781186547	"opt_stop"	"upper"	0	0.01	0.93315	0.00450128151135432	0.06685	0.0957563735706029	0.0813031867853015	0.852636933241057	0.147363066758943
10	0.707106781186547	"opt_stop"	"upper"	0.01	0.02	0.9312	0.00449948195845373	0.06685	0.0957563735706029	0.0813031867853015	0.852636933241057	0.147363066758943
10	0.707106781186547	"opt_stop"	"upper"	0.02	0.03	0.91965	0.00449588716554206	0.06685	0.0957563735706029	0.0813031867853015	0.852636933241057	0.147363066758943
10	0.707106781186547	"opt_stop"	"upper"	0.03	0.04	0.90375	0.00449050573258936	0.06685	0.0957563735706029	0.0813031867853015	0.852636933241057	0.147363066758943
10	0.707106781186547	"opt_stop"	"upper"	0.04	0.05	0.8687	0.00448335049531756	0.06685	0.0957563735706029	0.0813031867853015	0.852636933241057	0.147363066758943
10	0.707106781186547	"opt_stop"	"upper"	0.05	0.06	0.8235	0.0044744384489207	0.06685	0.0957563735706029	0.0813031867853015	0.852636933241057	0.147363066758943
10	0.707106781186547	"opt_stop"	"upper"	0.06	0.07	0.77425	0.00446379064767821	0.06685	0.0957563735706029	0.0813031867853015	0.852636933241057	0.147363066758943
10	0.707106781186547	"opt_stop"	"upper"	0.07	0.08	0.70425	0.0044514320815614	0.06685	0.0957563735706029	0.0813031867853015	0.852636933241057	0.147363066758943
10	0.707106781186547	"opt_stop"	"upper"	0.08	0.09	0.64345	0.00443739153117217	0.06685	0.0957563735706029	0.0813031867853015	0.852636933241057	0.147363066758943
10	0.707106781186547	"opt_stop"	"upper"	0.09	0.1	0.56425	0.00442170140256826	0.06685	0.0957563735706029	0.0813031867853015	0.852636933241057	0.147363066758943
10	0.707106781186547	"opt_stop"	"upper"	0.1	0.11	0.49485	0.0044043975437168	0.06685	0.0957563735706029	0.0813031867853015	0.852636933241057	0.147363066758943
10	0.707106781186547	"opt_stop"	"upper"	0.11	0.12	0.42635	0.00438551904447992	0.06685	0.0957563735706029	0.0813031867853015	0.852636933241057	0.147363066758943
10	0.707106781186547	"opt_stop"	"upper"	0.12	0.13	0.35855	0.0043651080221625	0.06685	0.0957563735706029	0.0813031867853015	0.852636933241057	0.147363066758943
10	0.707106781186547	"opt_stop"	"upper"	0.13	0.14	0.29905	0.00434320939475097	0.06685	0.0957563735706029	0.0813031867853015	0.852636933241057	0.147363066758943
10	0.707106781186547	"opt_stop"	"upper"	0.14	0.15	0.2523	0.00431987064403239	0.06685	0.0957563735706029	0.0813031867853015	0.852636933241057	0.147363066758943
10	0.707106781186547	"opt_stop"	"upper"	0.15	0.16	0.20375	0.00429514157081767	0.06685	0.0957563735706029	0.0813031867853015	0.852636933241057	0.147363066758943
10	0.707106781186547	"opt_stop"	"upper"	0.16	0.17	0.1613	0.00426907404449084	0.06685	0.0957563735706029	0.0813031867853015	0.852636933241057	0.147363066758943
10	0.707106781186547	"opt_stop"	"upper"	0.17	0.18	0.12915	0.00424172174907589	0.06685	0.0957563735706029	0.0813031867853015	0.852636933241057	0.147363066758943
10	0.707106781186547	"opt_stop"	"upper"	0.18	0.19	0.10485	0.00421313992795302	0.06685	0.0957563735706029	0.0813031867853015	0.852636933241057	0.147363066758943
10	0.707106781186547	"opt_stop"	"upper"	0.19	0.2	0.07875	0.00418338512927319	0.06685	0.0957563735706029	0.0813031867853015	0.852636933241057	0.147363066758943
10	0.707106781186547	"opt_stop"	"upper"	0.2	0.21	0.06145	0.00415251495401492	0.06685	0.0957563735706029	0.0813031867853015	0.852636933241057	0.147363066758943
10	0.707106781186547	"opt_stop"	"upper"	0.21	0.22	0.0447	0.00412058780849478	0.06685	0.0957563735706029	0.0813031867853015	0.852636933241057	0.147363066758943
10	0.707106781186547	"opt_stop"	"upper"	0.22	0.23	0.03255	0.00408766266300542	0.06685	0.0957563735706029	0.0813031867853015	0.852636933241057	0.147363066758943
10	0.707106781186547	"opt_stop"	"upper"	0.23	0.24	0.02365	0.00405379881809953	0.06685	0.0957563735706029	0.0813031867853015	0.852636933241057	0.147363066758943
10	0.707106781186547	"opt_stop"	"upper"	0.24	0.25	0.0184	0.00401905567986716	0.06685	0.0957563735706029	0.0813031867853015	0.852636933241057	0.147363066758943
10	0.707106781186547	"opt_stop"	"upper"	0.25	0.26	0.0101	0.00398349254539054	0.06685	0.0957563735706029	0.0813031867853015	0.852636933241057	0.147363066758943
10	0.707106781186547	"opt_stop"	"upper"	0.26	0.27	0.00885	0.0039471683993777	0.06685	0.0957563735706029	0.0813031867853015	0.852636933241057	0.147363066758943
10	0.707106781186547	"opt_stop"	"upper"	0.27	0.28	0.00655	0.0039101417228099	0.06685	0.0957563735706029	0.0813031867853015	0.852636933241057	0.147363066758943
10	0.707106781186547	"opt_stop"	"upper"	0.28	0.29	0.00385	0.00387247031425986	0.06685	0.0957563735706029	0.0813031867853015	0.852636933241057	0.147363066758943
10	0.707106781186547	"opt_stop"	"upper"	0.29	0.3	0.00295	0.00383421112437399	0.06685	0.0957563735706029	0.0813031867853015	0.852636933241057	0.147363066758943
10	0.707106781186547	"opt_stop"	"upper"	0.3	0.31	0.0015	0.00379542010385214	0.06685	0.0957563735706029	0.0813031867853015	0.852636933241057	0.147363066758943
10	0.707106781186547	"opt_stop"	"upper"	0.31	0.32	0.001	0.0037561520651076	0.06685	0.0957563735706029	0.0813031867853015	0.852636933241057	0.147363066758943
10	0.707106781186547	"opt_stop"	"upper"	0.32	0.33	0.00075	0.0037164605576494	0.06685	0.0957563735706029	0.0813031867853015	0.852636933241057	0.147363066758943
10	0.707106781186547	"opt_stop"	"upper"	0.33	0.34	0.00075	0.00367639775710027	0.06685	0.0957563735706029	0.0813031867853015	0.852636933241057	0.147363066758943
10	0.707106781186547	"opt_stop"	"upper"	0.34	0.35	5e-04	0.00363601436764771	0.06685	0.0957563735706029	0.0813031867853015	0.852636933241057	0.147363066758943
10	0.707106781186547	"opt_stop"	"upper"	0.35	0.36	3e-04	0.00359535953762313	0.06685	0.0957563735706029	0.0813031867853015	0.852636933241057	0.147363066758943
10	0.707106781186547	"opt_stop"	"upper"	0.36	0.37	1e-04	0.00355448078780674	0.06685	0.0957563735706029	0.0813031867853015	0.852636933241057	0.147363066758943
10	0.707106781186547	"opt_stop"	"upper"	0.37	0.38	1e-04	0.00351342395198839	0.06685	0.0957563735706029	0.0813031867853015	0.852636933241057	0.147363066758943
10	0.707106781186547	"opt_stop"	"upper"	0.38	0.39	0	0.00347223312923983	0.06685	0.0957563735706029	0.0813031867853015	0.852636933241057	0.147363066758943
10	0.707106781186547	"opt_stop"	"upper"	0.39	0.4	1e-04	0.0034309506473047	0.06685	0.0957563735706029	0.0813031867853015	0.852636933241057	0.147363066758943
10	0.707106781186547	"opt_stop"	"upper"	0.4	0.41	0	0.00338961703647089	0.06685	0.0957563735706029	0.0813031867853015	0.852636933241057	0.147363066758943
10	0.707106781186547	"opt_stop"	"upper"	0.41	0.42	0	0.00334827101326107	0.06685	0.0957563735706029	0.0813031867853015	0.852636933241057	0.147363066758943
10	0.707106781186547	"opt_stop"	"upper"	0.42	0.43	5e-05	0.00330694947325083	0.06685	0.0957563735706029	0.0813031867853015	0.852636933241057	0.147363066758943
10	0.707106781186547	"opt_stop"	"upper"	0.43	0.44	0	0.00326568749231892	0.06685	0.0957563735706029	0.0813031867853015	0.852636933241057	0.147363066758943
10	0.707106781186547	"opt_stop"	"upper"	0.44	0.45	5e-05	0.00322451833563064	0.06685	0.0957563735706029	0.0813031867853015	0.852636933241057	0.147363066758943
10	0.707106781186547	"opt_stop"	"upper"	0.45	0.46	0	0.00318347347365244	0.06685	0.0957563735706029	0.0813031867853015	0.852636933241057	0.147363066758943
10	0.707106781186547	"opt_stop"	"upper"	0.46	0.47	0	0.00314258260451983	0.06685	0.0957563735706029	0.0813031867853015	0.852636933241057	0.147363066758943
10	0.707106781186547	"opt_stop"	"upper"	0.47	0.48	0	0.00310187368208414	0.06685	0.0957563735706029	0.0813031867853015	0.852636933241057	0.147363066758943
10	0.707106781186547	"opt_stop"	"upper"	0.48	0.49	0	0.00306137294899522	0.06685	0.0957563735706029	0.0813031867853015	0.852636933241057	0.147363066758943
10	0.707106781186547	"opt_stop"	"upper"	0.49	0.5	0	0.00302110497419494	0.06685	0.0957563735706029	0.0813031867853015	0.852636933241057	0.147363066758943
10	0.707106781186547	"opt_stop"	"upper"	0.5	0.51	0	0.00298109269423352	0.06685	0.0957563735706029	0.0813031867853015	0.852636933241057	0.147363066758943
10	0.707106781186547	"opt_stop"	"upper"	0.51	0.52	0	0.00294135745783941	0.06685	0.0957563735706029	0.0813031867853015	0.852636933241057	0.147363066758943
10	0.707106781186547	"opt_stop"	"upper"	0.52	0.53	0	0.00290191907322168	0.06685	0.0957563735706029	0.0813031867853015	0.852636933241057	0.147363066758943
10	0.707106781186547	"opt_stop"	"upper"	0.53	0.54	0	0.00286279585760063	0.06685	0.0957563735706029	0.0813031867853015	0.852636933241057	0.147363066758943
10	0.707106781186547	"opt_stop"	"upper"	0.54	0.55	0	0.00282400468851374	0.06685	0.0957563735706029	0.0813031867853015	0.852636933241057	0.147363066758943
10	0.707106781186547	"opt_stop"	"upper"	0.55	0.56	0	0.00278556105646488	0.06685	0.0957563735706029	0.0813031867853015	0.852636933241057	0.147363066758943
10	0.707106781186547	"opt_stop"	"upper"	0.56	0.57	0	0.00274747911852713	0.06685	0.0957563735706029	0.0813031867853015	0.852636933241057	0.147363066758943
10	0.707106781186547	"opt_stop"	"upper"	0.57	0.58	0	0.00270977175254339	0.06685	0.0957563735706029	0.0813031867853015	0.852636933241057	0.147363066758943
10	0.707106781186547	"opt_stop"	"upper"	0.58	0.59	0	0.0026724506115946	0.06685	0.0957563735706029	0.0813031867853015	0.852636933241057	0.147363066758943
10	0.707106781186547	"opt_stop"	"upper"	0.59	0.6	0	0.00263552617844953	0.06685	0.0957563735706029	0.0813031867853015	0.852636933241057	0.147363066758943
10	0.707106781186547	"opt_stop"	"upper"	0.6	0.61	0	0.00259900781972977	0.06685	0.0957563735706029	0.0813031867853015	0.852636933241057	0.147363066758943
10	0.707106781186547	"opt_stop"	"upper"	0.61	0.62	0	0.0025629038395566	0.06685	0.0957563735706029	0.0813031867853015	0.852636933241057	0.147363066758943
10	0.707106781186547	"opt_stop"	"upper"	0.62	0.63	0	0.00252722153247886	0.06685	0.0957563735706029	0.0813031867853015	0.852636933241057	0.147363066758943
10	0.707106781186547	"opt_stop"	"upper"	0.63	0.64	0	0.00249196723549794	0.06685	0.0957563735706029	0.0813031867853015	0.852636933241057	0.147363066758943
10	0.707106781186547	"opt_stop"	"upper"	0.64	0.65	0	0.00245714637903893	0.06685	0.0957563735706029	0.0813031867853015	0.852636933241057	0.147363066758943
10	0.707106781186547	"opt_stop"	"upper"	0.65	0.66	0	0.00242276353673399	0.06685	0.0957563735706029	0.0813031867853015	0.852636933241057	0.147363066758943
10	0.707106781186547	"opt_stop"	"upper"	0.66	0.67	0	0.00238882247390815	0.06685	0.0957563735706029	0.0813031867853015	0.852636933241057	0.147363066758943
10	0.707106781186547	"opt_stop"	"upper"	0.67	0.68	0	0.00235532619467604	0.06685	0.0957563735706029	0.0813031867853015	0.852636933241057	0.147363066758943
10	0.707106781186547	"opt_stop"	"upper"	0.68	0.69	0	0.00232227698757459	0.06685	0.0957563735706029	0.0813031867853015	0.852636933241057	0.147363066758943
10	0.707106781186547	"opt_stop"	"upper"	0.69	0.7	0	0.00228967646967748	0.06685	0.0957563735706029	0.0813031867853015	0.852636933241057	0.147363066758943
10	0.707106781186547	"opt_stop"	"upper"	0.7	0.71	0	0.00225752562914328	0.06685	0.0957563735706029	0.0813031867853015	0.852636933241057	0.147363066758943
10	0.707106781186547	"opt_stop"	"upper"	0.71	0.72	0	0.00222582486617429	0.06685	0.0957563735706029	0.0813031867853015	0.852636933241057	0.147363066758943
10	0.707106781186547	"opt_stop"	"upper"	0.72	0.73	0	0.00219457403236178	0.06685	0.0957563735706029	0.0813031867853015	0.852636933241057	0.147363066758943
10	0.707106781186547	"opt_stop"	"upper"	0.73	0.74	0	0.00216377246841604	0.06685	0.0957563735706029	0.0813031867853015	0.852636933241057	0.147363066758943
10	0.707106781186547	"opt_stop"	"upper"	0.74	0.75	0	0.00213341904027875	0.06685	0.0957563735706029	0.0813031867853015	0.852636933241057	0.147363066758943
10	0.707106781186547	"opt_stop"	"upper"	0.75	0.76	0	0.00210351217363292	0.06685	0.0957563735706029	0.0813031867853015	0.852636933241057	0.147363066758943
10	0.707106781186547	"opt_stop"	"upper"	0.76	0.77	0	0.00207404988682247	0.06685	0.0957563735706029	0.0813031867853015	0.852636933241057	0.147363066758943
10	0.707106781186547	"opt_stop"	"upper"	0.77	0.78	0	0.00204502982221078	0.06685	0.0957563735706029	0.0813031867853015	0.852636933241057	0.147363066758943
10	0.707106781186547	"opt_stop"	"upper"	0.78	0.79	0	0.00201644927600275	0.06685	0.0957563735706029	0.0813031867853015	0.852636933241057	0.147363066758943
10	0.707106781186547	"opt_stop"	"upper"	0.79	0.8	0	0.00198830522656746	0.06685	0.0957563735706029	0.0813031867853015	0.852636933241057	0.147363066758943
10	0.707106781186547	"opt_stop"	"upper"	0.8	0.81	0	0.00196059436129559	0.06685	0.0957563735706029	0.0813031867853015	0.852636933241057	0.147363066758943
10	0.707106781186547	"opt_stop"	"upper"	0.81	0.82	0	0.0019333131020346	0.06685	0.0957563735706029	0.0813031867853015	0.852636933241057	0.147363066758943
10	0.707106781186547	"opt_stop"	"upper"	0.82	0.83	0	0.0019064576291441	0.06685	0.0957563735706029	0.0813031867853015	0.852636933241057	0.147363066758943
10	0.707106781186547	"opt_stop"	"upper"	0.83	0.84	0	0.00188002390421305	0.06685	0.0957563735706029	0.0813031867853015	0.852636933241057	0.147363066758943
10	0.707106781186547	"opt_stop"	"upper"	0.84	0.85	0	0.00185400769149069	0.06685	0.0957563735706029	0.0813031867853015	0.852636933241057	0.147363066758943
10	0.707106781186547	"opt_stop"	"upper"	0.85	0.86	0	0.00182840457807221	0.06685	0.0957563735706029	0.0813031867853015	0.852636933241057	0.147363066758943
10	0.707106781186547	"opt_stop"	"upper"	0.86	0.87	0	0.00180320999289163	0.06685	0.0957563735706029	0.0813031867853015	0.852636933241057	0.147363066758943
10	0.707106781186547	"opt_stop"	"upper"	0.87	0.88	0	0.00177841922456745	0.06685	0.0957563735706029	0.0813031867853015	0.852636933241057	0.147363066758943
10	0.707106781186547	"opt_stop"	"upper"	0.88	0.89	0	0.00175402743814934	0.06685	0.0957563735706029	0.0813031867853015	0.852636933241057	0.147363066758943
10	0.707106781186547	"opt_stop"	"upper"	0.89	0.9	0	0.00173002969081315	0.06685	0.0957563735706029	0.0813031867853015	0.852636933241057	0.147363066758943
10	0.707106781186547	"opt_stop"	"upper"	0.9	0.91	0	0.00170642094655349	0.06685	0.0957563735706029	0.0813031867853015	0.852636933241057	0.147363066758943
10	0.707106781186547	"opt_stop"	"upper"	0.91	0.92	0	0.0016831960899174	0.06685	0.0957563735706029	0.0813031867853015	0.852636933241057	0.147363066758943
10	0.707106781186547	"opt_stop"	"upper"	0.92	0.93	0	0.00166034993882525	0.06685	0.0957563735706029	0.0813031867853015	0.852636933241057	0.147363066758943
10	0.707106781186547	"opt_stop"	"upper"	0.93	0.94	0	0.00163787725652575	0.06685	0.0957563735706029	0.0813031867853015	0.852636933241057	0.147363066758943
10	0.707106781186547	"opt_stop"	"upper"	0.94	0.95	0	0.00161577276272462	0.06685	0.0957563735706029	0.0813031867853015	0.852636933241057	0.147363066758943
10	0.707106781186547	"opt_stop"	"upper"	0.95	0.96	0	0.00159403114393153	0.06685	0.0957563735706029	0.0813031867853015	0.852636933241057	0.147363066758943
10	0.707106781186547	"opt_stop"	"upper"	0.96	0.97	0	0.00157264706306615	0.06685	0.0957563735706029	0.0813031867853015	0.852636933241057	0.147363066758943
10	0.707106781186547	"opt_stop"	"upper"	0.97	0.98	0	0.00155161516836166	0.06685	0.0957563735706029	0.0813031867853015	0.852636933241057	0.147363066758943
10	0.707106781186547	"opt_stop"	"upper"	0.98	0.99	0	0.0015309301016031	0.06685	0.0957563735706029	0.0813031867853015	0.852636933241057	0.147363066758943
10	0.707106781186547	"opt_stop"	"upper"	0.99	1	0	0.00151058650574065	0.06685	0.0957563735706029	0.0813031867853015	0.852636933241057	0.147363066758943
10	0.707106781186547	"opt_stop"	"upper"	1	2	0	0.0877398280459109	0.06685	0.0957563735706029	0.0813031867853015	0.852636933241057	0.147363066758943
10	0.707106781186547	"opt_stop"	"upper"	2	3	0	0.0344919145899214	0.06685	0.0957563735706029	0.0813031867853015	0.852636933241057	0.147363066758943
10	0.707106781186547	"opt_stop"	"lower"	0	0.01	0.9312	0.00450128151135432	0.06685	0.0875955143971894	0.0772227571985947	0.852636933241057	0.147363066758943
10	0.707106781186547	"opt_stop"	"lower"	0.01	0.02	0.91965	0.00449948195845373	0.06685	0.0875955143971894	0.0772227571985947	0.852636933241057	0.147363066758943
10	0.707106781186547	"opt_stop"	"lower"	0.02	0.03	0.90375	0.00449588716554206	0.06685	0.0875955143971894	0.0772227571985947	0.852636933241057	0.147363066758943
10	0.707106781186547	"opt_stop"	"lower"	0.03	0.04	0.8687	0.00449050573258936	0.06685	0.0875955143971894	0.0772227571985947	0.852636933241057	0.147363066758943
10	0.707106781186547	"opt_stop"	"lower"	0.04	0.05	0.8235	0.00448335049531756	0.06685	0.0875955143971894	0.0772227571985947	0.852636933241057	0.147363066758943
10	0.707106781186547	"opt_stop"	"lower"	0.05	0.06	0.77425	0.0044744384489207	0.06685	0.0875955143971894	0.0772227571985947	0.852636933241057	0.147363066758943
10	0.707106781186547	"opt_stop"	"lower"	0.06	0.07	0.70425	0.00446379064767821	0.06685	0.0875955143971894	0.0772227571985947	0.852636933241057	0.147363066758943
10	0.707106781186547	"opt_stop"	"lower"	0.07	0.08	0.64345	0.0044514320815614	0.06685	0.0875955143971894	0.0772227571985947	0.852636933241057	0.147363066758943
10	0.707106781186547	"opt_stop"	"lower"	0.08	0.09	0.56425	0.00443739153117217	0.06685	0.0875955143971894	0.0772227571985947	0.852636933241057	0.147363066758943
10	0.707106781186547	"opt_stop"	"lower"	0.09	0.1	0.49485	0.00442170140256826	0.06685	0.0875955143971894	0.0772227571985947	0.852636933241057	0.147363066758943
10	0.707106781186547	"opt_stop"	"lower"	0.1	0.11	0.42635	0.0044043975437168	0.06685	0.0875955143971894	0.0772227571985947	0.852636933241057	0.147363066758943
10	0.707106781186547	"opt_stop"	"lower"	0.11	0.12	0.35855	0.00438551904447992	0.06685	0.0875955143971894	0.0772227571985947	0.852636933241057	0.147363066758943
10	0.707106781186547	"opt_stop"	"lower"	0.12	0.13	0.29905	0.0043651080221625	0.06685	0.0875955143971894	0.0772227571985947	0.852636933241057	0.147363066758943
10	0.707106781186547	"opt_stop"	"lower"	0.13	0.14	0.2523	0.00434320939475097	0.06685	0.0875955143971894	0.0772227571985947	0.852636933241057	0.147363066758943
10	0.707106781186547	"opt_stop"	"lower"	0.14	0.15	0.20375	0.00431987064403239	0.06685	0.0875955143971894	0.0772227571985947	0.852636933241057	0.147363066758943
10	0.707106781186547	"opt_stop"	"lower"	0.15	0.16	0.1613	0.00429514157081767	0.06685	0.0875955143971894	0.0772227571985947	0.852636933241057	0.147363066758943
10	0.707106781186547	"opt_stop"	"lower"	0.16	0.17	0.12915	0.00426907404449084	0.06685	0.0875955143971894	0.0772227571985947	0.852636933241057	0.147363066758943
10	0.707106781186547	"opt_stop"	"lower"	0.17	0.18	0.10485	0.00424172174907589	0.06685	0.0875955143971894	0.0772227571985947	0.852636933241057	0.147363066758943
10	0.707106781186547	"opt_stop"	"lower"	0.18	0.19	0.07875	0.00421313992795302	0.06685	0.0875955143971894	0.0772227571985947	0.852636933241057	0.147363066758943
10	0.707106781186547	"opt_stop"	"lower"	0.19	0.2	0.06145	0.00418338512927319	0.06685	0.0875955143971894	0.0772227571985947	0.852636933241057	0.147363066758943
10	0.707106781186547	"opt_stop"	"lower"	0.2	0.21	0.0447	0.00415251495401492	0.06685	0.0875955143971894	0.0772227571985947	0.852636933241057	0.147363066758943
10	0.707106781186547	"opt_stop"	"lower"	0.21	0.22	0.03255	0.00412058780849478	0.06685	0.0875955143971894	0.0772227571985947	0.852636933241057	0.147363066758943
10	0.707106781186547	"opt_stop"	"lower"	0.22	0.23	0.02365	0.00408766266300542	0.06685	0.0875955143971894	0.0772227571985947	0.852636933241057	0.147363066758943
10	0.707106781186547	"opt_stop"	"lower"	0.23	0.24	0.0184	0.00405379881809953	0.06685	0.0875955143971894	0.0772227571985947	0.852636933241057	0.147363066758943
10	0.707106781186547	"opt_stop"	"lower"	0.24	0.25	0.0101	0.00401905567986716	0.06685	0.0875955143971894	0.0772227571985947	0.852636933241057	0.147363066758943
10	0.707106781186547	"opt_stop"	"lower"	0.25	0.26	0.00885	0.00398349254539054	0.06685	0.0875955143971894	0.0772227571985947	0.852636933241057	0.147363066758943
10	0.707106781186547	"opt_stop"	"lower"	0.26	0.27	0.00655	0.0039471683993777	0.06685	0.0875955143971894	0.0772227571985947	0.852636933241057	0.147363066758943
10	0.707106781186547	"opt_stop"	"lower"	0.27	0.28	0.00385	0.0039101417228099	0.06685	0.0875955143971894	0.0772227571985947	0.852636933241057	0.147363066758943
10	0.707106781186547	"opt_stop"	"lower"	0.28	0.29	0.00295	0.00387247031425986	0.06685	0.0875955143971894	0.0772227571985947	0.852636933241057	0.147363066758943
10	0.707106781186547	"opt_stop"	"lower"	0.29	0.3	0.0015	0.00383421112437399	0.06685	0.0875955143971894	0.0772227571985947	0.852636933241057	0.147363066758943
10	0.707106781186547	"opt_stop"	"lower"	0.3	0.31	0.001	0.00379542010385214	0.06685	0.0875955143971894	0.0772227571985947	0.852636933241057	0.147363066758943
10	0.707106781186547	"opt_stop"	"lower"	0.31	0.32	0.00075	0.0037561520651076	0.06685	0.0875955143971894	0.0772227571985947	0.852636933241057	0.147363066758943
10	0.707106781186547	"opt_stop"	"lower"	0.32	0.33	0.00075	0.0037164605576494	0.06685	0.0875955143971894	0.0772227571985947	0.852636933241057	0.147363066758943
10	0.707106781186547	"opt_stop"	"lower"	0.33	0.34	5e-04	0.00367639775710027	0.06685	0.0875955143971894	0.0772227571985947	0.852636933241057	0.147363066758943
10	0.707106781186547	"opt_stop"	"lower"	0.34	0.35	3e-04	0.00363601436764771	0.06685	0.0875955143971894	0.0772227571985947	0.852636933241057	0.147363066758943
10	0.707106781186547	"opt_stop"	"lower"	0.35	0.36	1e-04	0.00359535953762313	0.06685	0.0875955143971894	0.0772227571985947	0.852636933241057	0.147363066758943
10	0.707106781186547	"opt_stop"	"lower"	0.36	0.37	1e-04	0.00355448078780674	0.06685	0.0875955143971894	0.0772227571985947	0.852636933241057	0.147363066758943
10	0.707106781186547	"opt_stop"	"lower"	0.37	0.38	0	0.00351342395198839	0.06685	0.0875955143971894	0.0772227571985947	0.852636933241057	0.147363066758943
10	0.707106781186547	"opt_stop"	"lower"	0.38	0.39	1e-04	0.00347223312923983	0.06685	0.0875955143971894	0.0772227571985947	0.852636933241057	0.147363066758943
10	0.707106781186547	"opt_stop"	"lower"	0.39	0.4	0	0.0034309506473047	0.06685	0.0875955143971894	0.0772227571985947	0.852636933241057	0.147363066758943
10	0.707106781186547	"opt_stop"	"lower"	0.4	0.41	0	0.00338961703647089	0.06685	0.0875955143971894	0.0772227571985947	0.852636933241057	0.147363066758943
10	0.707106781186547	"opt_stop"	"lower"	0.41	0.42	5e-05	0.00334827101326107	0.06685	0.0875955143971894	0.0772227571985947	0.852636933241057	0.147363066758943
10	0.707106781186547	"opt_stop"	"lower"	0.42	0.43	0	0.00330694947325083	0.06685	0.0875955143971894	0.0772227571985947	0.852636933241057	0.147363066758943
10	0.707106781186547	"opt_stop"	"lower"	0.43	0.44	5e-05	0.00326568749231892	0.06685	0.0875955143971894	0.0772227571985947	0.852636933241057	0.147363066758943
10	0.707106781186547	"opt_stop"	"lower"	0.44	0.45	0	0.00322451833563064	0.06685	0.0875955143971894	0.0772227571985947	0.852636933241057	0.147363066758943
10	0.707106781186547	"opt_stop"	"lower"	0.45	0.46	0	0.00318347347365244	0.06685	0.0875955143971894	0.0772227571985947	0.852636933241057	0.147363066758943
10	0.707106781186547	"opt_stop"	"lower"	0.46	0.47	0	0.00314258260451983	0.06685	0.0875955143971894	0.0772227571985947	0.852636933241057	0.147363066758943
10	0.707106781186547	"opt_stop"	"lower"	0.47	0.48	0	0.00310187368208414	0.06685	0.0875955143971894	0.0772227571985947	0.852636933241057	0.147363066758943
10	0.707106781186547	"opt_stop"	"lower"	0.48	0.49	0	0.00306137294899522	0.06685	0.0875955143971894	0.0772227571985947	0.852636933241057	0.147363066758943
10	0.707106781186547	"opt_stop"	"lower"	0.49	0.5	0	0.00302110497419494	0.06685	0.0875955143971894	0.0772227571985947	0.852636933241057	0.147363066758943
10	0.707106781186547	"opt_stop"	"lower"	0.5	0.51	0	0.00298109269423352	0.06685	0.0875955143971894	0.0772227571985947	0.852636933241057	0.147363066758943
10	0.707106781186547	"opt_stop"	"lower"	0.51	0.52	0	0.00294135745783941	0.06685	0.0875955143971894	0.0772227571985947	0.852636933241057	0.147363066758943
10	0.707106781186547	"opt_stop"	"lower"	0.52	0.53	0	0.00290191907322168	0.06685	0.0875955143971894	0.0772227571985947	0.852636933241057	0.147363066758943
10	0.707106781186547	"opt_stop"	"lower"	0.53	0.54	0	0.00286279585760063	0.06685	0.0875955143971894	0.0772227571985947	0.852636933241057	0.147363066758943
10	0.707106781186547	"opt_stop"	"lower"	0.54	0.55	0	0.00282400468851374	0.06685	0.0875955143971894	0.0772227571985947	0.852636933241057	0.147363066758943
10	0.707106781186547	"opt_stop"	"lower"	0.55	0.56	0	0.00278556105646488	0.06685	0.0875955143971894	0.0772227571985947	0.852636933241057	0.147363066758943
10	0.707106781186547	"opt_stop"	"lower"	0.56	0.57	0	0.00274747911852713	0.06685	0.0875955143971894	0.0772227571985947	0.852636933241057	0.147363066758943
10	0.707106781186547	"opt_stop"	"lower"	0.57	0.58	0	0.00270977175254339	0.06685	0.0875955143971894	0.0772227571985947	0.852636933241057	0.147363066758943
10	0.707106781186547	"opt_stop"	"lower"	0.58	0.59	0	0.0026724506115946	0.06685	0.0875955143971894	0.0772227571985947	0.852636933241057	0.147363066758943
10	0.707106781186547	"opt_stop"	"lower"	0.59	0.6	0	0.00263552617844953	0.06685	0.0875955143971894	0.0772227571985947	0.852636933241057	0.147363066758943
10	0.707106781186547	"opt_stop"	"lower"	0.6	0.61	0	0.00259900781972977	0.06685	0.0875955143971894	0.0772227571985947	0.852636933241057	0.147363066758943
10	0.707106781186547	"opt_stop"	"lower"	0.61	0.62	0	0.0025629038395566	0.06685	0.0875955143971894	0.0772227571985947	0.852636933241057	0.147363066758943
10	0.707106781186547	"opt_stop"	"lower"	0.62	0.63	0	0.00252722153247886	0.06685	0.0875955143971894	0.0772227571985947	0.852636933241057	0.147363066758943
10	0.707106781186547	"opt_stop"	"lower"	0.63	0.64	0	0.00249196723549794	0.06685	0.0875955143971894	0.0772227571985947	0.852636933241057	0.147363066758943
10	0.707106781186547	"opt_stop"	"lower"	0.64	0.65	0	0.00245714637903893	0.06685	0.0875955143971894	0.0772227571985947	0.852636933241057	0.147363066758943
10	0.707106781186547	"opt_stop"	"lower"	0.65	0.66	0	0.00242276353673399	0.06685	0.0875955143971894	0.0772227571985947	0.852636933241057	0.147363066758943
10	0.707106781186547	"opt_stop"	"lower"	0.66	0.67	0	0.00238882247390815	0.06685	0.0875955143971894	0.0772227571985947	0.852636933241057	0.147363066758943
10	0.707106781186547	"opt_stop"	"lower"	0.67	0.68	0	0.00235532619467604	0.06685	0.0875955143971894	0.0772227571985947	0.852636933241057	0.147363066758943
10	0.707106781186547	"opt_stop"	"lower"	0.68	0.69	0	0.00232227698757459	0.06685	0.0875955143971894	0.0772227571985947	0.852636933241057	0.147363066758943
10	0.707106781186547	"opt_stop"	"lower"	0.69	0.7	0	0.00228967646967748	0.06685	0.0875955143971894	0.0772227571985947	0.852636933241057	0.147363066758943
10	0.707106781186547	"opt_stop"	"lower"	0.7	0.71	0	0.00225752562914328	0.06685	0.0875955143971894	0.0772227571985947	0.852636933241057	0.147363066758943
10	0.707106781186547	"opt_stop"	"lower"	0.71	0.72	0	0.00222582486617429	0.06685	0.0875955143971894	0.0772227571985947	0.852636933241057	0.147363066758943
10	0.707106781186547	"opt_stop"	"lower"	0.72	0.73	0	0.00219457403236178	0.06685	0.0875955143971894	0.0772227571985947	0.852636933241057	0.147363066758943
10	0.707106781186547	"opt_stop"	"lower"	0.73	0.74	0	0.00216377246841604	0.06685	0.0875955143971894	0.0772227571985947	0.852636933241057	0.147363066758943
10	0.707106781186547	"opt_stop"	"lower"	0.74	0.75	0	0.00213341904027875	0.06685	0.0875955143971894	0.0772227571985947	0.852636933241057	0.147363066758943
10	0.707106781186547	"opt_stop"	"lower"	0.75	0.76	0	0.00210351217363292	0.06685	0.0875955143971894	0.0772227571985947	0.852636933241057	0.147363066758943
10	0.707106781186547	"opt_stop"	"lower"	0.76	0.77	0	0.00207404988682247	0.06685	0.0875955143971894	0.0772227571985947	0.852636933241057	0.147363066758943
10	0.707106781186547	"opt_stop"	"lower"	0.77	0.78	0	0.00204502982221078	0.06685	0.0875955143971894	0.0772227571985947	0.852636933241057	0.147363066758943
10	0.707106781186547	"opt_stop"	"lower"	0.78	0.79	0	0.00201644927600275	0.06685	0.0875955143971894	0.0772227571985947	0.852636933241057	0.147363066758943
10	0.707106781186547	"opt_stop"	"lower"	0.79	0.8	0	0.00198830522656746	0.06685	0.0875955143971894	0.0772227571985947	0.852636933241057	0.147363066758943
10	0.707106781186547	"opt_stop"	"lower"	0.8	0.81	0	0.00196059436129559	0.06685	0.0875955143971894	0.0772227571985947	0.852636933241057	0.147363066758943
10	0.707106781186547	"opt_stop"	"lower"	0.81	0.82	0	0.0019333131020346	0.06685	0.0875955143971894	0.0772227571985947	0.852636933241057	0.147363066758943
10	0.707106781186547	"opt_stop"	"lower"	0.82	0.83	0	0.0019064576291441	0.06685	0.0875955143971894	0.0772227571985947	0.852636933241057	0.147363066758943
10	0.707106781186547	"opt_stop"	"lower"	0.83	0.84	0	0.00188002390421305	0.06685	0.0875955143971894	0.0772227571985947	0.852636933241057	0.147363066758943
10	0.707106781186547	"opt_stop"	"lower"	0.84	0.85	0	0.00185400769149069	0.06685	0.0875955143971894	0.0772227571985947	0.852636933241057	0.147363066758943
10	0.707106781186547	"opt_stop"	"lower"	0.85	0.86	0	0.00182840457807221	0.06685	0.0875955143971894	0.0772227571985947	0.852636933241057	0.147363066758943
10	0.707106781186547	"opt_stop"	"lower"	0.86	0.87	0	0.00180320999289163	0.06685	0.0875955143971894	0.0772227571985947	0.852636933241057	0.147363066758943
10	0.707106781186547	"opt_stop"	"lower"	0.87	0.88	0	0.00177841922456745	0.06685	0.0875955143971894	0.0772227571985947	0.852636933241057	0.147363066758943
10	0.707106781186547	"opt_stop"	"lower"	0.88	0.89	0	0.00175402743814934	0.06685	0.0875955143971894	0.0772227571985947	0.852636933241057	0.147363066758943
10	0.707106781186547	"opt_stop"	"lower"	0.89	0.9	0	0.00173002969081315	0.06685	0.0875955143971894	0.0772227571985947	0.852636933241057	0.147363066758943
10	0.707106781186547	"opt_stop"	"lower"	0.9	0.91	0	0.00170642094655349	0.06685	0.0875955143971894	0.0772227571985947	0.852636933241057	0.147363066758943
10	0.707106781186547	"opt_stop"	"lower"	0.91	0.92	0	0.0016831960899174	0.06685	0.0875955143971894	0.0772227571985947	0.852636933241057	0.147363066758943
10	0.707106781186547	"opt_stop"	"lower"	0.92	0.93	0	0.00166034993882525	0.06685	0.0875955143971894	0.0772227571985947	0.852636933241057	0.147363066758943
10	0.707106781186547	"opt_stop"	"lower"	0.93	0.94	0	0.00163787725652575	0.06685	0.0875955143971894	0.0772227571985947	0.852636933241057	0.147363066758943
10	0.707106781186547	"opt_stop"	"lower"	0.94	0.95	0	0.00161577276272462	0.06685	0.0875955143971894	0.0772227571985947	0.852636933241057	0.147363066758943
10	0.707106781186547	"opt_stop"	"lower"	0.95	0.96	0	0.00159403114393153	0.06685	0.0875955143971894	0.0772227571985947	0.852636933241057	0.147363066758943
10	0.707106781186547	"opt_stop"	"lower"	0.96	0.97	0	0.00157264706306615	0.06685	0.0875955143971894	0.0772227571985947	0.852636933241057	0.147363066758943
10	0.707106781186547	"opt_stop"	"lower"	0.97	0.98	0	0.00155161516836166	0.06685	0.0875955143971894	0.0772227571985947	0.852636933241057	0.147363066758943
10	0.707106781186547	"opt_stop"	"lower"	0.98	0.99	0	0.0015309301016031	0.06685	0.0875955143971894	0.0772227571985947	0.852636933241057	0.147363066758943
10	0.707106781186547	"opt_stop"	"lower"	0.99	1	0	0.00151058650574065	0.06685	0.0875955143971894	0.0772227571985947	0.852636933241057	0.147363066758943
10	0.707106781186547	"opt_stop"	"lower"	1	2	0	0.0877398280459109	0.06685	0.0875955143971894	0.0772227571985947	0.852636933241057	0.147363066758943
10	0.707106781186547	"opt_stop"	"lower"	2	3	0	0.0344919145899214	0.06685	0.0875955143971894	0.0772227571985947	0.852636933241057	0.147363066758943
10	0.707106781186547	"stop_avg"	"upper"	0	0.01	0.569673299090909	0.00450128151135432	0.0448036090909091	0.0996984745110133	0.0722510418009612	0.852636933241057	0.147363066758943
10	0.707106781186547	"stop_avg"	"upper"	0.01	0.02	0.566256170727273	0.00449948195845373	0.0448036090909091	0.0996984745110133	0.0722510418009612	0.852636933241057	0.147363066758943
10	0.707106781186547	"stop_avg"	"upper"	0.02	0.03	0.610999865818182	0.00449588716554206	0.0448036090909091	0.0996984745110133	0.0722510418009612	0.852636933241057	0.147363066758943
10	0.707106781186547	"stop_avg"	"upper"	0.03	0.04	0.610727119181818	0.00449050573258936	0.0448036090909091	0.0996984745110133	0.0722510418009612	0.852636933241057	0.147363066758943
10	0.707106781186547	"stop_avg"	"upper"	0.04	0.05	0.586798241181818	0.00448335049531756	0.0448036090909091	0.0996984745110133	0.0722510418009612	0.852636933241057	0.147363066758943
10	0.707106781186547	"stop_avg"	"upper"	0.05	0.06	0.540386777818182	0.0044744384489207	0.0448036090909091	0.0996984745110133	0.0722510418009612	0.852636933241057	0.147363066758943
10	0.707106781186547	"stop_avg"	"upper"	0.06	0.07	0.496222619636364	0.00446379064767821	0.0448036090909091	0.0996984745110133	0.0722510418009612	0.852636933241057	0.147363066758943
10	0.707106781186547	"stop_avg"	"upper"	0.07	0.08	0.421072079818182	0.0044514320815614	0.0448036090909091	0.0996984745110133	0.0722510418009612	0.852636933241057	0.147363066758943
10	0.707106781186547	"stop_avg"	"upper"	0.08	0.09	0.365137129181818	0.00443739153117217	0.0448036090909091	0.0996984745110133	0.0722510418009612	0.852636933241057	0.147363066758943
10	0.707106781186547	"stop_avg"	"upper"	0.09	0.1	0.309502540909091	0.00442170140256826	0.0448036090909091	0.0996984745110133	0.0722510418009612	0.852636933241057	0.147363066758943
10	0.707106781186547	"stop_avg"	"upper"	0.1	0.15	0.251046158545455	0.0218181046491426	0.0448036090909091	0.0996984745110133	0.0722510418009612	0.852636933241057	0.147363066758943
10	0.707106781186547	"stop_avg"	"upper"	0.15	0.2	0.113719079272727	0.0212024624216106	0.0448036090909091	0.0996984745110133	0.0722510418009612	0.852636933241057	0.147363066758943
10	0.707106781186547	"stop_avg"	"upper"	0.2	0.25	0.0721324436363636	0.0204336199234818	0.0448036090909091	0.0996984745110133	0.0722510418009612	0.852636933241057	0.147363066758943
10	0.707106781186547	"stop_avg"	"upper"	0.25	0.3	0.0572947256363636	0.019547484106212	0.0448036090909091	0.0996984745110133	0.0722510418009612	0.852636933241057	0.147363066758943
10	0.707106781186547	"stop_avg"	"upper"	0.3	0.35	0.0529379501818182	0.0185804448513571	0.0448036090909091	0.0996984745110133	0.0722510418009612	0.852636933241057	0.147363066758943
10	0.707106781186547	"stop_avg"	"upper"	0.35	0.4	0.0508635829090909	0.0175664480539628	0.0448036090909091	0.0996984745110133	0.0722510418009612	0.852636933241057	0.147363066758943
10	0.707106781186547	"stop_avg"	"upper"	0.4	0.45	0.0519151294545455	0.0165350433509324	0.0448036090909091	0.0996984745110133	0.0722510418009612	0.852636933241057	0.147363066758943
10	0.707106781186547	"stop_avg"	"upper"	0.45	0.5	0.0509497232727273	0.0155104076834466	0.0448036090909091	0.0996984745110133	0.0722510418009612	0.852636933241057	0.147363066758943
10	0.707106781186547	"stop_avg"	"upper"	0.5	0.55	0.0502519734545455	0.014511169771409	0.0448036090909091	0.0996984745110133	0.0722510418009612	0.852636933241057	0.147363066758943
10	0.707106781186547	"stop_avg"	"upper"	0.55	0.6	0.0501889090909091	0.0135507887175795	0.0448036090909091	0.0996984745110133	0.0722510418009612	0.852636933241057	0.147363066758943
10	0.707106781186547	"stop_avg"	"upper"	0.6	0.65	0.0499879909090909	0.0126382468063021	0.0448036090909091	0.0996984745110133	0.0722510418009612	0.852636933241057	0.147363066758943
10	0.707106781186547	"stop_avg"	"upper"	0.65	0.7	0.0502100378181818	0.0117788656625702	0.0448036090909091	0.0996984745110133	0.0722510418009612	0.852636933241057	0.147363066758943
10	0.707106781186547	"stop_avg"	"upper"	0.7	0.75	0.0498105817272727	0.0109751160363741	0.0448036090909091	0.0996984745110133	0.0722510418009612	0.852636933241057	0.147363066758943
10	0.707106781186547	"stop_avg"	"upper"	0.75	0.8	0.0492086870909091	0.0102273463852364	0.0448036090909091	0.0996984745110133	0.0722510418009612	0.852636933241057	0.147363066758943
10	0.707106781186547	"stop_avg"	"upper"	0.8	0.85	0.0494016792727273	0.00953439668817802	0.0448036090909091	0.0996984745110133	0.0722510418009612	0.852636933241057	0.147363066758943
10	0.707106781186547	"stop_avg"	"upper"	0.85	0.9	0.0491986240909091	0.00889409092449378	0.0448036090909091	0.0996984745110133	0.0722510418009612	0.852636933241057	0.147363066758943
10	0.707106781186547	"stop_avg"	"upper"	0.9	0.95	0.048727488	0.00830361699454651	0.0448036090909091	0.0996984745110133	0.0722510418009612	0.852636933241057	0.147363066758943
10	0.707106781186547	"stop_avg"	"upper"	0.95	1	0.0494443736363636	0.00775980998270309	0.0448036090909091	0.0996984745110133	0.0722510418009612	0.852636933241057	0.147363066758943
10	0.707106781186547	"stop_avg"	"upper"	1	2	0.0498220529090909	0.0877398280459109	0.0448036090909091	0.0996984745110133	0.0722510418009612	0.852636933241057	0.147363066758943
10	0.707106781186547	"stop_avg"	"upper"	2	3	0.0350800690909091	0.0344919145899214	0.0448036090909091	0.0996984745110133	0.0722510418009612	0.852636933241057	0.147363066758943
10	0.707106781186547	"stop_avg"	"lower"	0	0.01	0.566256170727273	0.00450128151135432	0.0448036090909091	0.0809249196482783	0.0628642643695937	0.852636933241057	0.147363066758943
10	0.707106781186547	"stop_avg"	"lower"	0.01	0.02	0.610999865818182	0.00449948195845373	0.0448036090909091	0.0809249196482783	0.0628642643695937	0.852636933241057	0.147363066758943
10	0.707106781186547	"stop_avg"	"lower"	0.02	0.03	0.610727119181818	0.00449588716554206	0.0448036090909091	0.0809249196482783	0.0628642643695937	0.852636933241057	0.147363066758943
10	0.707106781186547	"stop_avg"	"lower"	0.03	0.04	0.586798241181818	0.00449050573258936	0.0448036090909091	0.0809249196482783	0.0628642643695937	0.852636933241057	0.147363066758943
10	0.707106781186547	"stop_avg"	"lower"	0.04	0.05	0.540386777818182	0.00448335049531756	0.0448036090909091	0.0809249196482783	0.0628642643695937	0.852636933241057	0.147363066758943
10	0.707106781186547	"stop_avg"	"lower"	0.05	0.06	0.496222619636364	0.0044744384489207	0.0448036090909091	0.0809249196482783	0.0628642643695937	0.852636933241057	0.147363066758943
10	0.707106781186547	"stop_avg"	"lower"	0.06	0.07	0.421072079818182	0.00446379064767821	0.0448036090909091	0.0809249196482783	0.0628642643695937	0.852636933241057	0.147363066758943
10	0.707106781186547	"stop_avg"	"lower"	0.07	0.08	0.365137129181818	0.0044514320815614	0.0448036090909091	0.0809249196482783	0.0628642643695937	0.852636933241057	0.147363066758943
10	0.707106781186547	"stop_avg"	"lower"	0.08	0.09	0.309502540909091	0.00443739153117217	0.0448036090909091	0.0809249196482783	0.0628642643695937	0.852636933241057	0.147363066758943
10	0.707106781186547	"stop_avg"	"lower"	0.09	0.1	0.251046158545455	0.00442170140256826	0.0448036090909091	0.0809249196482783	0.0628642643695937	0.852636933241057	0.147363066758943
10	0.707106781186547	"stop_avg"	"lower"	0.1	0.15	0.113719079272727	0.0218181046491426	0.0448036090909091	0.0809249196482783	0.0628642643695937	0.852636933241057	0.147363066758943
10	0.707106781186547	"stop_avg"	"lower"	0.15	0.2	0.0721324436363636	0.0212024624216106	0.0448036090909091	0.0809249196482783	0.0628642643695937	0.852636933241057	0.147363066758943
10	0.707106781186547	"stop_avg"	"lower"	0.2	0.25	0.0572947256363636	0.0204336199234818	0.0448036090909091	0.0809249196482783	0.0628642643695937	0.852636933241057	0.147363066758943
10	0.707106781186547	"stop_avg"	"lower"	0.25	0.3	0.0529379501818182	0.019547484106212	0.0448036090909091	0.0809249196482783	0.0628642643695937	0.852636933241057	0.147363066758943
10	0.707106781186547	"stop_avg"	"lower"	0.3	0.35	0.0508635829090909	0.0185804448513571	0.0448036090909091	0.0809249196482783	0.0628642643695937	0.852636933241057	0.147363066758943
10	0.707106781186547	"stop_avg"	"lower"	0.35	0.4	0.0519151294545455	0.0175664480539628	0.0448036090909091	0.0809249196482783	0.0628642643695937	0.852636933241057	0.147363066758943
10	0.707106781186547	"stop_avg"	"lower"	0.4	0.45	0.0509497232727273	0.0165350433509324	0.0448036090909091	0.0809249196482783	0.0628642643695937	0.852636933241057	0.147363066758943
10	0.707106781186547	"stop_avg"	"lower"	0.45	0.5	0.0502519734545455	0.0155104076834466	0.0448036090909091	0.0809249196482783	0.0628642643695937	0.852636933241057	0.147363066758943
10	0.707106781186547	"stop_avg"	"lower"	0.5	0.55	0.0501889090909091	0.014511169771409	0.0448036090909091	0.0809249196482783	0.0628642643695937	0.852636933241057	0.147363066758943
10	0.707106781186547	"stop_avg"	"lower"	0.55	0.6	0.0499879909090909	0.0135507887175795	0.0448036090909091	0.0809249196482783	0.0628642643695937	0.852636933241057	0.147363066758943
10	0.707106781186547	"stop_avg"	"lower"	0.6	0.65	0.0502100378181818	0.0126382468063021	0.0448036090909091	0.0809249196482783	0.0628642643695937	0.852636933241057	0.147363066758943
10	0.707106781186547	"stop_avg"	"lower"	0.65	0.7	0.0498105817272727	0.0117788656625702	0.0448036090909091	0.0809249196482783	0.0628642643695937	0.852636933241057	0.147363066758943
10	0.707106781186547	"stop_avg"	"lower"	0.7	0.75	0.0492086870909091	0.0109751160363741	0.0448036090909091	0.0809249196482783	0.0628642643695937	0.852636933241057	0.147363066758943
10	0.707106781186547	"stop_avg"	"lower"	0.75	0.8	0.0494016792727273	0.0102273463852364	0.0448036090909091	0.0809249196482783	0.0628642643695937	0.852636933241057	0.147363066758943
10	0.707106781186547	"stop_avg"	"lower"	0.8	0.85	0.0491986240909091	0.00953439668817802	0.0448036090909091	0.0809249196482783	0.0628642643695937	0.852636933241057	0.147363066758943
10	0.707106781186547	"stop_avg"	"lower"	0.85	0.9	0.048727488	0.00889409092449378	0.0448036090909091	0.0809249196482783	0.0628642643695937	0.852636933241057	0.147363066758943
10	0.707106781186547	"stop_avg"	"lower"	0.9	0.95	0.0494443736363636	0.00830361699454651	0.0448036090909091	0.0809249196482783	0.0628642643695937	0.852636933241057	0.147363066758943
10	0.707106781186547	"stop_avg"	"lower"	0.95	1	0.0498220529090909	0.00775980998270309	0.0448036090909091	0.0809249196482783	0.0628642643695937	0.852636933241057	0.147363066758943
10	0.707106781186547	"stop_avg"	"lower"	1	2	0.0350800690909091	0.0877398280459109	0.0448036090909091	0.0809249196482783	0.0628642643695937	0.852636933241057	0.147363066758943
10	0.707106781186547	"stop_avg"	"lower"	2	3	0.02920524	0.0344919145899214	0.0448036090909091	0.0809249196482783	0.0628642643695937	0.852636933241057	0.147363066758943
10	0.707106781186547	"same_dist"	"upper"	0	0.01	0.404003881090909	0.00450128151135432	0.0610898450909091	0.0827657503527301	0.0719277977218196	0.852636933241057	0.147363066758943
10	0.707106781186547	"same_dist"	"upper"	0.01	0.02	0.398121772454545	0.00449948195845373	0.0610898450909091	0.0827657503527301	0.0719277977218196	0.852636933241057	0.147363066758943
10	0.707106781186547	"same_dist"	"upper"	0.02	0.03	0.391023941363636	0.00449588716554206	0.0610898450909091	0.0827657503527301	0.0719277977218196	0.852636933241057	0.147363066758943
10	0.707106781186547	"same_dist"	"upper"	0.03	0.04	0.378789135181818	0.00449050573258936	0.0610898450909091	0.0827657503527301	0.0719277977218196	0.852636933241057	0.147363066758943
10	0.707106781186547	"same_dist"	"upper"	0.04	0.05	0.359748223090909	0.00448335049531756	0.0610898450909091	0.0827657503527301	0.0719277977218196	0.852636933241057	0.147363066758943
10	0.707106781186547	"same_dist"	"upper"	0.05	0.06	0.335049539454545	0.0044744384489207	0.0610898450909091	0.0827657503527301	0.0719277977218196	0.852636933241057	0.147363066758943
10	0.707106781186547	"same_dist"	"upper"	0.06	0.07	0.310876108727273	0.00446379064767821	0.0610898450909091	0.0827657503527301	0.0719277977218196	0.852636933241057	0.147363066758943
10	0.707106781186547	"same_dist"	"upper"	0.07	0.08	0.274319753090909	0.0044514320815614	0.0610898450909091	0.0827657503527301	0.0719277977218196	0.852636933241057	0.147363066758943
10	0.707106781186547	"same_dist"	"upper"	0.08	0.09	0.245488761090909	0.00443739153117217	0.0610898450909091	0.0827657503527301	0.0719277977218196	0.852636933241057	0.147363066758943
10	0.707106781186547	"same_dist"	"upper"	0.09	0.1	0.215510671636364	0.00442170140256826	0.0610898450909091	0.0827657503527301	0.0719277977218196	0.852636933241057	0.147363066758943
10	0.707106781186547	"same_dist"	"upper"	0.1	0.15	0.187260708772727	0.0218181046491426	0.0610898450909091	0.0827657503527301	0.0719277977218196	0.852636933241057	0.147363066758943
10	0.707106781186547	"same_dist"	"upper"	0.15	0.2	0.0972465212727273	0.0212024624216106	0.0610898450909091	0.0827657503527301	0.0719277977218196	0.852636933241057	0.147363066758943
10	0.707106781186547	"same_dist"	"upper"	0.2	0.25	0.065277107	0.0204336199234818	0.0610898450909091	0.0827657503527301	0.0719277977218196	0.852636933241057	0.147363066758943
10	0.707106781186547	"same_dist"	"upper"	0.25	0.3	0.0570491684545454	0.019547484106212	0.0610898450909091	0.0827657503527301	0.0719277977218196	0.852636933241057	0.147363066758943
10	0.707106781186547	"same_dist"	"upper"	0.3	0.35	0.0553112102727273	0.0185804448513571	0.0610898450909091	0.0827657503527301	0.0719277977218196	0.852636933241057	0.147363066758943
10	0.707106781186547	"same_dist"	"upper"	0.35	0.4	0.0545241647272727	0.0175664480539628	0.0610898450909091	0.0827657503527301	0.0719277977218196	0.852636933241057	0.147363066758943
10	0.707106781186547	"same_dist"	"upper"	0.4	0.45	0.0546684898181818	0.0165350433509324	0.0610898450909091	0.0827657503527301	0.0719277977218196	0.852636933241057	0.147363066758943
10	0.707106781186547	"same_dist"	"upper"	0.45	0.5	0.0543063705454545	0.0155104076834466	0.0610898450909091	0.0827657503527301	0.0719277977218196	0.852636933241057	0.147363066758943
10	0.707106781186547	"same_dist"	"upper"	0.5	0.55	0.0535611214545455	0.014511169771409	0.0610898450909091	0.0827657503527301	0.0719277977218196	0.852636933241057	0.147363066758943
10	0.707106781186547	"same_dist"	"upper"	0.55	0.6	0.0537543905454545	0.0135507887175795	0.0610898450909091	0.0827657503527301	0.0719277977218196	0.852636933241057	0.147363066758943
10	0.707106781186547	"same_dist"	"upper"	0.6	0.65	0.053540473	0.0126382468063021	0.0610898450909091	0.0827657503527301	0.0719277977218196	0.852636933241057	0.147363066758943
10	0.707106781186547	"same_dist"	"upper"	0.65	0.7	0.0532610680909091	0.0117788656625702	0.0610898450909091	0.0827657503527301	0.0719277977218196	0.852636933241057	0.147363066758943
10	0.707106781186547	"same_dist"	"upper"	0.7	0.75	0.0531452828181818	0.0109751160363741	0.0610898450909091	0.0827657503527301	0.0719277977218196	0.852636933241057	0.147363066758943
10	0.707106781186547	"same_dist"	"upper"	0.75	0.8	0.0526324190909091	0.0102273463852364	0.0610898450909091	0.0827657503527301	0.0719277977218196	0.852636933241057	0.147363066758943
10	0.707106781186547	"same_dist"	"upper"	0.8	0.85	0.052439534	0.00953439668817802	0.0610898450909091	0.0827657503527301	0.0719277977218196	0.852636933241057	0.147363066758943
10	0.707106781186547	"same_dist"	"upper"	0.85	0.9	0.0522729079090909	0.00889409092449378	0.0610898450909091	0.0827657503527301	0.0719277977218196	0.852636933241057	0.147363066758943
10	0.707106781186547	"same_dist"	"upper"	0.9	0.95	0.0519668474545455	0.00830361699454651	0.0610898450909091	0.0827657503527301	0.0719277977218196	0.852636933241057	0.147363066758943
10	0.707106781186547	"same_dist"	"upper"	0.95	1	0.052747177	0.00775980998270309	0.0610898450909091	0.0827657503527301	0.0719277977218196	0.852636933241057	0.147363066758943
10	0.707106781186547	"same_dist"	"upper"	1	2	0.0526064031818182	0.0877398280459109	0.0610898450909091	0.0827657503527301	0.0719277977218196	0.852636933241057	0.147363066758943
10	0.707106781186547	"same_dist"	"upper"	2	3	0.0403325156471155	0.0344919145899214	0.0610898450909091	0.0827657503527301	0.0719277977218196	0.852636933241057	0.147363066758943
10	0.707106781186547	"same_dist"	"lower"	0	0.01	0.398121772454545	0.00450128151135432	0.0610898450909091	0.0674881448617203	0.0642889949763147	0.852636933241057	0.147363066758943
10	0.707106781186547	"same_dist"	"lower"	0.01	0.02	0.391023941363636	0.00449948195845373	0.0610898450909091	0.0674881448617203	0.0642889949763147	0.852636933241057	0.147363066758943
10	0.707106781186547	"same_dist"	"lower"	0.02	0.03	0.378789135181818	0.00449588716554206	0.0610898450909091	0.0674881448617203	0.0642889949763147	0.852636933241057	0.147363066758943
10	0.707106781186547	"same_dist"	"lower"	0.03	0.04	0.359748223090909	0.00449050573258936	0.0610898450909091	0.0674881448617203	0.0642889949763147	0.852636933241057	0.147363066758943
10	0.707106781186547	"same_dist"	"lower"	0.04	0.05	0.335049539454545	0.00448335049531756	0.0610898450909091	0.0674881448617203	0.0642889949763147	0.852636933241057	0.147363066758943
10	0.707106781186547	"same_dist"	"lower"	0.05	0.06	0.310876108727273	0.0044744384489207	0.0610898450909091	0.0674881448617203	0.0642889949763147	0.852636933241057	0.147363066758943
10	0.707106781186547	"same_dist"	"lower"	0.06	0.07	0.274319753090909	0.00446379064767821	0.0610898450909091	0.0674881448617203	0.0642889949763147	0.852636933241057	0.147363066758943
10	0.707106781186547	"same_dist"	"lower"	0.07	0.08	0.245488761090909	0.0044514320815614	0.0610898450909091	0.0674881448617203	0.0642889949763147	0.852636933241057	0.147363066758943
10	0.707106781186547	"same_dist"	"lower"	0.08	0.09	0.215510671636364	0.00443739153117217	0.0610898450909091	0.0674881448617203	0.0642889949763147	0.852636933241057	0.147363066758943
10	0.707106781186547	"same_dist"	"lower"	0.09	0.1	0.187260708772727	0.00442170140256826	0.0610898450909091	0.0674881448617203	0.0642889949763147	0.852636933241057	0.147363066758943
10	0.707106781186547	"same_dist"	"lower"	0.1	0.15	0.0972465212727273	0.0218181046491426	0.0610898450909091	0.0674881448617203	0.0642889949763147	0.852636933241057	0.147363066758943
10	0.707106781186547	"same_dist"	"lower"	0.15	0.2	0.065277107	0.0212024624216106	0.0610898450909091	0.0674881448617203	0.0642889949763147	0.852636933241057	0.147363066758943
10	0.707106781186547	"same_dist"	"lower"	0.2	0.25	0.0570491684545455	0.0204336199234818	0.0610898450909091	0.0674881448617203	0.0642889949763147	0.852636933241057	0.147363066758943
10	0.707106781186547	"same_dist"	"lower"	0.25	0.3	0.0553112102727273	0.019547484106212	0.0610898450909091	0.0674881448617203	0.0642889949763147	0.852636933241057	0.147363066758943
10	0.707106781186547	"same_dist"	"lower"	0.3	0.35	0.0545241647272727	0.0185804448513571	0.0610898450909091	0.0674881448617203	0.0642889949763147	0.852636933241057	0.147363066758943
10	0.707106781186547	"same_dist"	"lower"	0.35	0.4	0.0546684898181818	0.0175664480539628	0.0610898450909091	0.0674881448617203	0.0642889949763147	0.852636933241057	0.147363066758943
10	0.707106781186547	"same_dist"	"lower"	0.4	0.45	0.0543063705454545	0.0165350433509324	0.0610898450909091	0.0674881448617203	0.0642889949763147	0.852636933241057	0.147363066758943
10	0.707106781186547	"same_dist"	"lower"	0.45	0.5	0.0535611214545455	0.0155104076834466	0.0610898450909091	0.0674881448617203	0.0642889949763147	0.852636933241057	0.147363066758943
10	0.707106781186547	"same_dist"	"lower"	0.5	0.55	0.0537543905454545	0.014511169771409	0.0610898450909091	0.0674881448617203	0.0642889949763147	0.852636933241057	0.147363066758943
10	0.707106781186547	"same_dist"	"lower"	0.55	0.6	0.053540473	0.0135507887175795	0.0610898450909091	0.0674881448617203	0.0642889949763147	0.852636933241057	0.147363066758943
10	0.707106781186547	"same_dist"	"lower"	0.6	0.65	0.0532610680909091	0.0126382468063021	0.0610898450909091	0.0674881448617203	0.0642889949763147	0.852636933241057	0.147363066758943
10	0.707106781186547	"same_dist"	"lower"	0.65	0.7	0.0531452828181818	0.0117788656625702	0.0610898450909091	0.0674881448617203	0.0642889949763147	0.852636933241057	0.147363066758943
10	0.707106781186547	"same_dist"	"lower"	0.7	0.75	0.0526324190909091	0.0109751160363741	0.0610898450909091	0.0674881448617203	0.0642889949763147	0.852636933241057	0.147363066758943
10	0.707106781186547	"same_dist"	"lower"	0.75	0.8	0.052439534	0.0102273463852364	0.0610898450909091	0.0674881448617203	0.0642889949763147	0.852636933241057	0.147363066758943
10	0.707106781186547	"same_dist"	"lower"	0.8	0.85	0.0522729079090909	0.00953439668817802	0.0610898450909091	0.0674881448617203	0.0642889949763147	0.852636933241057	0.147363066758943
10	0.707106781186547	"same_dist"	"lower"	0.85	0.9	0.0519668474545455	0.00889409092449378	0.0610898450909091	0.0674881448617203	0.0642889949763147	0.852636933241057	0.147363066758943
10	0.707106781186547	"same_dist"	"lower"	0.9	0.95	0.052747177	0.00830361699454651	0.0610898450909091	0.0674881448617203	0.0642889949763147	0.852636933241057	0.147363066758943
10	0.707106781186547	"same_dist"	"lower"	0.95	1	0.0526064031818182	0.00775980998270309	0.0610898450909091	0.0674881448617203	0.0642889949763147	0.852636933241057	0.147363066758943
10	0.707106781186547	"same_dist"	"lower"	1	2	0.0403325156471155	0.0877398280459109	0.0610898450909091	0.0674881448617203	0.0642889949763147	0.852636933241057	0.147363066758943
10	0.707106781186547	"same_dist"	"lower"	2	3	0.0336429698454236	0.0344919145899214	0.0610898450909091	0.0674881448617203	0.0642889949763147	0.852636933241057	0.147363066758943
