"bf_crit"	"r_val"	"df_type"	"bound"	"bins.left"	"bins.right"	"bins.cost"	"bins.mass"	"h0_point_cost"	"h1_total_cost"	"expected_cost"	"interval_mass"	"residual_mass"
6	0.707106781186547	"opt_stop"	"upper"	0	0.01	0.8998	0.00450128151135432	0.1002	0.148655836691074	0.124427918345537	0.852636933241057	0.147363066758943
6	0.707106781186547	"opt_stop"	"upper"	0.01	0.02	0.89895	0.00449948195845373	0.1002	0.148655836691074	0.124427918345537	0.852636933241057	0.147363066758943
6	0.707106781186547	"opt_stop"	"upper"	0.02	0.03	0.8907	0.00449588716554206	0.1002	0.148655836691074	0.124427918345537	0.852636933241057	0.147363066758943
6	0.707106781186547	"opt_stop"	"upper"	0.03	0.04	0.8831	0.00449050573258936	0.1002	0.148655836691074	0.124427918345537	0.852636933241057	0.147363066758943
6	0.707106781186547	"opt_stop"	"upper"	0.04	0.05	0.87465	0.00448335049531756	0.1002	0.148655836691074	0.124427918345537	0.852636933241057	0.147363066758943
6	0.707106781186547	"opt_stop"	"upper"	0.05	0.06	0.8636	0.0044744384489207	0.1002	0.148655836691074	0.124427918345537	0.852636933241057	0.147363066758943
6	0.707106781186547	"opt_stop"	"upper"	0.06	0.07	0.8491	0.00446379064767821	0.1002	0.148655836691074	0.124427918345537	0.852636933241057	0.147363066758943
6	0.707106781186547	"opt_stop"	"upper"	0.07	0.08	0.82805	0.0044514320815614	0.1002	0.148655836691074	0.124427918345537	0.852636933241057	0.147363066758943
6	0.707106781186547	"opt_stop"	"upper"	0.08	0.09	0.80295	0.00443739153117217	0.1002	0.148655836691074	0.124427918345537	0.852636933241057	0.147363066758943
6	0.707106781186547	"opt_stop"	"upper"	0.09	0.1	0.7662	0.00442170140256826	0.1002	0.148655836691074	0.124427918345537	0.852636933241057	0.147363066758943
6	0.707106781186547	"opt_stop"	"upper"	0.1	0.11	0.7376	0.0044043975437168	0.1002	0.148655836691074	0.124427918345537	0.852636933241057	0.147363066758943
6	0.707106781186547	"opt_stop"	"upper"	0.11	0.12	0.70655	0.00438551904447992	0.1002	0.148655836691074	0.124427918345537	0.852636933241057	0.147363066758943
6	0.707106781186547	"opt_stop"	"upper"	0.12	0.13	0.6649	0.0043651080221625	0.1002	0.148655836691074	0.124427918345537	0.852636933241057	0.147363066758943
6	0.707106781186547	"opt_stop"	"upper"	0.13	0.14	0.63715	0.00434320939475097	0.1002	0.148655836691074	0.124427918345537	0.852636933241057	0.147363066758943
6	0.707106781186547	"opt_stop"	"upper"	0.14	0.15	0.59125	0.00431987064403239	0.1002	0.148655836691074	0.124427918345537	0.852636933241057	0.147363066758943
6	0.707106781186547	"opt_stop"	"upper"	0.15	0.16	0.55245	0.00429514157081767	0.1002	0.148655836691074	0.124427918345537	0.852636933241057	0.147363066758943
6	0.707106781186547	"opt_stop"	"upper"	0.16	0.17	0.511	0.00426907404449084	0.1002	0.148655836691074	0.124427918345537	0.852636933241057	0.147363066758943
6	0.707106781186547	"opt_stop"	"upper"	0.17	0.18	0.4661	0.00424172174907589	0.1002	0.148655836691074	0.124427918345537	0.852636933241057	0.147363066758943
6	0.707106781186547	"opt_stop"	"upper"	0.18	0.19	0.43115	0.00421313992795302	0.1002	0.148655836691074	0.124427918345537	0.852636933241057	0.147363066758943
6	0.707106781186547	"opt_stop"	"upper"	0.19	0.2	0.39105	0.00418338512927319	0.1002	0.148655836691074	0.124427918345537	0.852636933241057	0.147363066758943
6	0.707106781186547	"opt_stop"	"upper"	0.2	0.21	0.3619	0.00415251495401492	0.1002	0.148655836691074	0.124427918345537	0.852636933241057	0.147363066758943
6	0.707106781186547	"opt_stop"	"upper"	0.21	0.22	0.32435	0.00412058780849478	0.1002	0.148655836691074	0.124427918345537	0.852636933241057	0.147363066758943
6	0.707106781186547	"opt_stop"	"upper"	0.22	0.23	0.29355	0.00408766266300542	0.1002	0.148655836691074	0.124427918345537	0.852636933241057	0.147363066758943
6	0.707106781186547	"opt_stop"	"upper"	0.23	0.24	0.2584	0.00405379881809953	0.1002	0.148655836691074	0.124427918345537	0.852636933241057	0.147363066758943
6	0.707106781186547	"opt_stop"	"upper"	0.24	0.25	0.22625	0.00401905567986716	0.1002	0.148655836691074	0.124427918345537	0.852636933241057	0.147363066758943
6	0.707106781186547	"opt_stop"	"upper"	0.25	0.26	0.20525	0.00398349254539054	0.1002	0.148655836691074	0.124427918345537	0.852636933241057	0.147363066758943
6	0.707106781186547	"opt_stop"	"upper"	0.26	0.27	0.17795	0.0039471683993777	0.1002	0.148655836691074	0.124427918345537	0.852636933241057	0.147363066758943
6	0.707106781186547	"opt_stop"	"upper"	0.27	0.28	0.14985	0.0039101417228099	0.1002	0.148655836691074	0.124427918345537	0.852636933241057	0.147363066758943
6	0.707106781186547	"opt_stop"	"upper"	0.28	0.29	0.1355	0.00387247031425986	0.1002	0.148655836691074	0.124427918345537	0.852636933241057	0.147363066758943
6	0.707106781186547	"opt_stop"	"upper"	0.29	0.3	0.1257	0.00383421112437399	0.1002	0.148655836691074	0.124427918345537	0.852636933241057	0.147363066758943
6	0.707106781186547	"opt_stop"	"upper"	0.3	0.31	0.10395	0.00379542010385214	0.1002	0.148655836691074	0.124427918345537	0.852636933241057	0.147363066758943
6	0.707106781186547	"opt_stop"	"upper"	0.31	0.32	0.08895	0.0037561520651076	0.1002	0.148655836691074	0.124427918345537	0.852636933241057	0.147363066758943
6	0.707106781186547	"opt_stop"	"upper"	0.32	0.33	0.07395	0.0037164605576494	0.1002	0.148655836691074	0.124427918345537	0.852636933241057	0.147363066758943
6	0.707106781186547	"opt_stop"	"upper"	0.33	0.34	0.06395	0.00367639775710027	0.1002	0.148655836691074	0.124427918345537	0.852636933241057	0.147363066758943
6	0.707106781186547	"opt_stop"	"upper"	0.34	0.35	0.05605	0.00363601436764771	0.1002	0.148655836691074	0.124427918345537	0.852636933241057	0.147363066758943
6	0.707106781186547	"opt_stop"	"upper"	0.35	0.36	0.04905	0.00359535953762313	0.1002	0.148655836691074	0.124427918345537	0.852636933241057	0.147363066758943
6	0.707106781186547	"opt_stop"	"upper"	0.36	0.37	0.03775	0.00355448078780674	0.1002	0.148655836691074	0.124427918345537	0.852636933241057	0.147363066758943
6	0.707106781186547	"opt_stop"	"upper"	0.37	0.38	0.0335	0.00351342395198839	0.1002	0.148655836691074	0.124427918345537	0.852636933241057	0.147363066758943
6	0.707106781186547	"opt_stop"	"upper"	0.38	0.39	0.0283	0.00347223312923983	0.1002	0.148655836691074	0.124427918345537	0.852636933241057	0.147363066758943
6	0.707106781186547	"opt_stop"	"upper"	0.39	0.4	0.02285	0.0034309506473047	0.1002	0.148655836691074	0.124427918345537	0.852636933241057	0.147363066758943
6	0.707106781186547	"opt_stop"	"upper"	0.4	0.41	0.0195	0.00338961703647089	0.1002	0.148655836691074	0.124427918345537	0.852636933241057	0.147363066758943
6	0.707106781186547	"opt_stop"	"upper"	0.41	0.42	0.0169	0.00334827101326107	0.1002	0.148655836691074	0.124427918345537	0.852636933241057	0.147363066758943
6	0.707106781186547	"opt_stop"	"upper"	0.42	0.43	0.01275	0.00330694947325083	0.1002	0.148655836691074	0.124427918345537	0.852636933241057	0.147363066758943
6	0.707106781186547	"opt_stop"	"upper"	0.43	0.44	0.0096	0.00326568749231892	0.1002	0.148655836691074	0.124427918345537	0.852636933241057	0.147363066758943
6	0.707106781186547	"opt_stop"	"upper"	0.44	0.45	0.0093	0.00322451833563064	0.1002	0.148655836691074	0.124427918345537	0.852636933241057	0.147363066758943
6	0.707106781186547	"opt_stop"	"upper"	0.45	0.46	0.00745	0.00318347347365244	0.1002	0.148655836691074	0.124427918345537	0.852636933241057	0.147363066758943
6	0.707106781186547	"opt_stop"	"upper"	0.46	0.47	0.00615	0.00314258260451983	0.1002	0.148655836691074	0.124427918345537	0.852636933241057	0.147363066758943
6	0.707106781186547	"opt_stop"	"upper"	0.47	0.48	0.005	0.00310187368208414	0.1002	0.148655836691074	0.124427918345537	0.852636933241057	0.147363066758943
6	0.707106781186547	"opt_stop"	"upper"	0.48	0.49	0.00385	0.00306137294899522	0.1002	0.148655836691074	0.124427918345537	0.852636933241057	0.147363066758943
6	0.707106781186547	"opt_stop"	"upper"	0.49	0.5	0.0036	0.00302110497419494	0.1002	0.148655836691074	0.124427918345537	0.852636933241057	0.147363066758943
6	0.707106781186547	"opt_stop"	"upper"	0.5	0.51	0.00265	0.00298109269423352	0.1002	0.148655836691074	0.124427918345537	0.852636933241057	0.147363066758943
6	0.707106781186547	"opt_stop"	"upper"	0.51	0.52	0.0012	0.00294135745783941	0.1002	0.148655836691074	0.124427918345537	0.852636933241057	0.147363066758943
6	0.707106781186547	"opt_stop"	"upper"	0.52	0.53	0.0017	0.00290191907322168	0.1002	0.148655836691074	0.124427918345537	0.852636933241057	0.147363066758943
6	0.707106781186547	"opt_stop"	"upper"	0.53	0.54	0.00125	0.00286279585760063	0.1002	0.148655836691074	0.124427918345537	0.852636933241057	0.147363066758943
6	0.707106781186547	"opt_stop"	"upper"	0.54	0.55	0.0012	0.00282400468851374	0.1002	0.148655836691074	0.124427918345537	0.852636933241057	0.147363066758943
6	0.707106781186547	"opt_stop"	"upper"	0.55	0.56	8e-04	0.00278556105646488	0.1002	0.148655836691074	0.124427918345537	0.852636933241057	0.147363066758943
6	0.707106781186547	"opt_stop"	"upper"	0.56	0.57	6e-04	0.00274747911852713	0.1002	0.148655836691074	0.124427918345537	0.852636933241057	0.147363066758943
6	0.707106781186547	"opt_stop"	"upper"	0.57	0.58	0.00075	0.00270977175254339	0.1002	0.148655836691074	0.124427918345537	0.852636933241057	0.147363066758943
6	0.707106781186547	"opt_stop"	"upper"	0.58	0.59	5e-04	0.0026724506115946	0.1002	0.148655836691074	0.124427918345537	0.852636933241057	0.147363066758943
6	0.707106781186547	"opt_stop"	"upper"	0.59	0.6	0.00015	0.00263552617844953	0.1002	0.148655836691074	0.124427918345537	0.852636933241057	0.147363066758943
6	0.707106781186547	"opt_stop"	"upper"	0.6	0.61	1e-04	0.00259900781972977	0.1002	0.148655836691074	0.124427918345537	0.852636933241057	0.147363066758943
6	0.707106781186547	"opt_stop"	"upper"	0.61	0.62	0.00015	0.0025629038395566	0.1002	0.148655836691074	0.124427918345537	0.852636933241057	0.147363066758943
6	0.707106781186547	"opt_stop"	"upper"	0.62	0.63	0	0.00252722153247886	0.1002	0.148655836691074	0.124427918345537	0.852636933241057	0.147363066758943
6	0.707106781186547	"opt_stop"	"upper"	0.63	0.64	5e-05	0.00249196723549794	0.1002	0.148655836691074	0.124427918345537	0.852636933241057	0.147363066758943
6	0.707106781186547	"opt_stop"	"upper"	0.64	0.65	5e-05	0.00245714637903893	0.1002	0.148655836691074	0.124427918345537	0.852636933241057	0.147363066758943
6	0.707106781186547	"opt_stop"	"upper"	0.65	0.66	0	0.00242276353673399	0.1002	0.148655836691074	0.124427918345537	0.852636933241057	0.147363066758943
6	0.707106781186547	"opt_stop"	"upper"	0.66	0.67	5e-05	0.00238882247390815	0.1002	0.148655836691074	0.124427918345537	0.852636933241057	0.147363066758943
6	0.707106781186547	"opt_stop"	"upper"	0.67	0.68	0	0.00235532619467604	0.1002	0.148655836691074	0.124427918345537	0.852636933241057	0.147363066758943
6	0.707106781186547	"opt_stop"	"upper"	0.68	0.69	0	0.00232227698757459	0.1002	0.148655836691074	0.124427918345537	0.852636933241057	0.147363066758943
6	0.707106781186547	"opt_stop"	"upper"	0.69	0.7	0	0.00228967646967748	0.1002	0.148655836691074	0.124427918345537	0.852636933241057	0.147363066758943
6	0.707106781186547	"opt_stop"	"upper"	0.7	0.71	0	0.00225752562914328	0.1002	0.148655836691074	0.124427918345537	0.852636933241057	0.147363066758943
6	0.707106781186547	"opt_stop"	"upper"	0.71	0.72	0	0.00222582486617429	0.1002	0.148655836691074	0.124427918345537	0.852636933241057	0.147363066758943
6	0.707106781186547	"opt_stop"	"upper"	0.72	0.73	0	0.00219457403236178	0.1002	0.148655836691074	0.124427918345537	0.852636933241057	0.147363066758943
6	0.707106781186547	"opt_stop"	"upper"	0.73	0.74	0	0.00216377246841604	0.1002	0.148655836691074	0.124427918345537	0.852636933241057	0.147363066758943
6	0.707106781186547	"opt_stop"	"upper"	0.74	0.75	0	0.00213341904027875	0.1002	0.148655836691074	0.124427918345537	0.852636933241057	0.147363066758943
6	0.707106781186547	"opt_stop"	"upper"	0.75	0.76	0	0.00210351217363292	0.1002	0.148655836691074	0.124427918345537	0.852636933241057	0.147363066758943
6	0.707106781186547	"opt_stop"	"upper"	0.76	0.77	0	0.00207404988682247	0.1002	0.148655836691074	0.124427918345537	0.852636933241057	0.147363066758943
6	0.707106781186547	"opt_stop"	"upper"	0.77	0.78	0	0.00204502982221078	0.1002	0.148655836691074	0.124427918345537	0.852636933241057	0.147363066758943
6	0.707106781186547	"opt_stop"	"upper"	0.78	0.79	0	0.00201644927600275	0.1002	0.148655836691074	0.124427918345537	0.852636933241057	0.147363066758943
6	0.707106781186547	"opt_stop"	"upper"	0.79	0.8	0	0.00198830522656746	0.1002	0.148655836691074	0.124427918345537	0.852636933241057	0.147363066758943
6	0.707106781186547	"opt_stop"	"upper"	0.8	0.81	0	0.00196059436129559	0.1002	0.148655836691074	0.124427918345537	0.852636933241057	0.147363066758943
6	0.707106781186547	"opt_stop"	"upper"	0.81	0.82	0	0.0019333131020346	0.1002	0.148655836691074	0.124427918345537	0.852636933241057	0.147363066758943
6	0.707106781186547	"opt_stop"	"upper"	0.82	0.83	0	0.0019064576291441	0.1002	0.148655836691074	0.124427918345537	0.852636933241057	0.147363066758943
6	0.707106781186547	"opt_stop"	"upper"	0.83	0.84	0	0.00188002390421305	0.1002	0.148655836691074	0.124427918345537	0.852636933241057	0.147363066758943
6	0.707106781186547	"opt_stop"	"upper"	0.84	0.85	0	0.00185400769149069	0.1002	0.148655836691074	0.124427918345537	0.852636933241057	0.147363066758943
6	0.707106781186547	"opt_stop"	"upper"	0.85	0.86	0	0.00182840457807221	0.1002	0.148655836691074	0.124427918345537	0.852636933241057	0.147363066758943
6	0.707106781186547	"opt_stop"	"upper"	0.86	0.87	0	0.00180320999289163	0.1002	0.148655836691074	0.124427918345537	0.852636933241057	0.147363066758943
6	0.707106781186547	"opt_stop"	"upper"	0.87	0.88	0	0.00177841922456745	0.1002	0.148655836691074	0.124427918345537	0.852636933241057	0.147363066758943
6	0.707106781186547	"opt_stop"	"upper"	0.88	0.89	0	0.00175402743814934	0.1002	0.148655836691074	0.124427918345537	0.852636933241057	0.147363066758943
6	0.707106781186547	"opt_stop"	"upper"	0.89	0.9	0	0.00173002969081315	0.1002	0.148655836691074	0.124427918345537	0.852636933241057	0.147363066758943
6	0.707106781186547	"opt_stop"	"upper"	0.9	0.91	0	0.00170642094655349	0.1002	0.148655836691074	0.124427918345537	0.852636933241057	0.147363066758943
6	0.707106781186547	"opt_stop"	"upper"	0.91	0.92	0	0.0016831960899174	0.1002	0.148655836691074	0.124427918345537	0.852636933241057	0.147363066758943
6	0.707106781186547	"opt_stop"	"upper"	0.92	0.93	0	0.00166034993882525	0.1002	0.148655836691074	0.124427918345537	0.852636933241057	0.147363066758943
6	0.707106781186547	"opt_stop"	"upper"	0.93	0.94	0	0.00163787725652575	0.1002	0.148655836691074	0.124427918345537	0.852636933241057	0.147363066758943
6	0.707106781186547	"opt_stop"	"upper"	0.94	0.95	0	0.00161577276272462	0.1002	0.148655836691074	0.124427918345537	0.852636933241057	0.147363066758943
6	0.707106781186547	"opt_stop"	"upper"	0.95	0.96	0	0.00159403114393153	0.1002	0.148655836691074	0.124427918345537	0.852636933241057	0.147363066758943
6	0.707106781186547	"opt_stop"	"upper"	0.96	0.97	0	0.00157264706306615	0.1002	0.148655836691074	0.124427918345537	0.852636933241057	0.147363066758943
6	0.707106781186547	"opt_stop"	"upper"	0.97	0.98	0	0.00155161516836166	0.1002	0.148655836691074	0.124427918345537	0.852636933241057	0.147363066758943
6	0.707106781186547	"opt_stop"	"upper"	0.98	0.99	0	0.0015309301016031	0.1002	0.148655836691074	0.124427918345537	0.852636933241057	0.147363066758943
6	0.707106781186547	"opt_stop"	"upper"	0.99	1	0	0.00151058650574065	0.1002	0.148655836691074	0.124427918345537	0.852636933241057	0.147363066758943
6	0.707106781186547	"opt_stop"	"upper"	1	2	0	0.0877398280459109	0.1002	0.148655836691074	0.124427918345537	0.852636933241057	0.147363066758943
6	0.707106781186547	"opt_stop"	"upper"	2	3	0	0.0344919145899214	0.1002	0.148655836691074	0.124427918345537	0.852636933241057	0.147363066758943
6	0.707106781186547	"opt_stop"	"lower"	0	0.01	0.89895	0.00450128151135432	0.1002	0.14115704452672	0.12067852226336	0.852636933241057	0.147363066758943
6	0.707106781186547	"opt_stop"	"lower"	0.01	0.02	0.8907	0.00449948195845373	0.1002	0.14115704452672	0.12067852226336	0.852636933241057	0.147363066758943
6	0.707106781186547	"opt_stop"	"lower"	0.02	0.03	0.8831	0.00449588716554206	0.1002	0.14115704452672	0.12067852226336	0.852636933241057	0.147363066758943
6	0.707106781186547	"opt_stop"	"lower"	0.03	0.04	0.87465	0.00449050573258936	0.1002	0.14115704452672	0.12067852226336	0.852636933241057	0.147363066758943
6	0.707106781186547	"opt_stop"	"lower"	0.04	0.05	0.8636	0.00448335049531756	0.1002	0.14115704452672	0.12067852226336	0.852636933241057	0.147363066758943
6	0.707106781186547	"opt_stop"	"lower"	0.05	0.06	0.8491	0.0044744384489207	0.1002	0.14115704452672	0.12067852226336	0.852636933241057	0.147363066758943
6	0.707106781186547	"opt_stop"	"lower"	0.06	0.07	0.82805	0.00446379064767821	0.1002	0.14115704452672	0.12067852226336	0.852636933241057	0.147363066758943
6	0.707106781186547	"opt_stop"	"lower"	0.07	0.08	0.80295	0.0044514320815614	0.1002	0.14115704452672	0.12067852226336	0.852636933241057	0.147363066758943
6	0.707106781186547	"opt_stop"	"lower"	0.08	0.09	0.7662	0.00443739153117217	0.1002	0.14115704452672	0.12067852226336	0.852636933241057	0.147363066758943
6	0.707106781186547	"opt_stop"	"lower"	0.09	0.1	0.7376	0.00442170140256826	0.1002	0.14115704452672	0.12067852226336	0.852636933241057	0.147363066758943
6	0.707106781186547	"opt_stop"	"lower"	0.1	0.11	0.70655	0.0044043975437168	0.1002	0.14115704452672	0.12067852226336	0.852636933241057	0.147363066758943
6	0.707106781186547	"opt_stop"	"lower"	0.11	0.12	0.6649	0.00438551904447992	0.1002	0.14115704452672	0.12067852226336	0.852636933241057	0.147363066758943
6	0.707106781186547	"opt_stop"	"lower"	0.12	0.13	0.63715	0.0043651080221625	0.1002	0.14115704452672	0.12067852226336	0.852636933241057	0.147363066758943
6	0.707106781186547	"opt_stop"	"lower"	0.13	0.14	0.59125	0.00434320939475097	0.1002	0.14115704452672	0.12067852226336	0.852636933241057	0.147363066758943
6	0.707106781186547	"opt_stop"	"lower"	0.14	0.15	0.55245	0.00431987064403239	0.1002	0.14115704452672	0.12067852226336	0.852636933241057	0.147363066758943
6	0.707106781186547	"opt_stop"	"lower"	0.15	0.16	0.511	0.00429514157081767	0.1002	0.14115704452672	0.12067852226336	0.852636933241057	0.147363066758943
6	0.707106781186547	"opt_stop"	"lower"	0.16	0.17	0.4661	0.00426907404449084	0.1002	0.14115704452672	0.12067852226336	0.852636933241057	0.147363066758943
6	0.707106781186547	"opt_stop"	"lower"	0.17	0.18	0.43115	0.00424172174907589	0.1002	0.14115704452672	0.12067852226336	0.852636933241057	0.147363066758943
6	0.707106781186547	"opt_stop"	"lower"	0.18	0.19	0.39105	0.00421313992795302	0.1002	0.14115704452672	0.12067852226336	0.852636933241057	0.147363066758943
6	0.707106781186547	"opt_stop"	"lower"	0.19	0.2	0.3619	0.00418338512927319	0.1002	0.14115704452672	0.12067852226336	0.852636933241057	0.147363066758943
6	0.707106781186547	"opt_stop"	"lower"	0.2	0.21	0.32435	0.00415251495401492	0.1002	0.14115704452672	0.12067852226336	0.852636933241057	0.147363066758943
6	0.707106781186547	"opt_stop"	"lower"	0.21	0.22	0.29355	0.00412058780849478	0.1002	0.14115704452672	0.12067852226336	0.852636933241057	0.147363066758943
6	0.707106781186547	"opt_stop"	"lower"	0.22	0.23	0.2584	0.00408766266300542	0.1002	0.14115704452672	0.12067852226336	0.852636933241057	0.147363066758943
6	0.707106781186547	"opt_stop"	"lower"	0.23	0.24	0.22625	0.00405379881809953	0.1002	0.14115704452672	0.12067852226336	0.852636933241057	0.147363066758943
6	0.707106781186547	"opt_stop"	"lower"	0.24	0.25	0.20525	0.00401905567986716	0.1002	0.14115704452672	0.12067852226336	0.852636933241057	0.147363066758943
6	0.707106781186547	"opt_stop"	"lower"	0.25	0.26	0.17795	0.00398349254539054	0.1002	0.14115704452672	0.12067852226336	0.852636933241057	0.147363066758943
6	0.707106781186547	"opt_stop"	"lower"	0.26	0.27	0.14985	0.0039471683993777	0.1002	0.14115704452672	0.12067852226336	0.852636933241057	0.147363066758943
6	0.707106781186547	"opt_stop"	"lower"	0.27	0.28	0.1355	0.0039101417228099	0.1002	0.14115704452672	0.12067852226336	0.852636933241057	0.147363066758943
6	0.707106781186547	"opt_stop"	"lower"	0.28	0.29	0.1257	0.00387247031425986	0.1002	0.14115704452672	0.12067852226336	0.852636933241057	0.147363066758943
6	0.707106781186547	"opt_stop"	"lower"	0.29	0.3	0.10395	0.00383421112437399	0.1002	0.14115704452672	0.12067852226336	0.852636933241057	0.147363066758943
6	0.707106781186547	"opt_stop"	"lower"	0.3	0.31	0.08895	0.00379542010385214	0.1002	0.14115704452672	0.12067852226336	0.852636933241057	0.147363066758943
6	0.707106781186547	"opt_stop"	"lower"	0.31	0.32	0.07395	0.0037561520651076	0.1002	0.14115704452672	0.12067852226336	0.852636933241057	0.147363066758943
6	0.707106781186547	"opt_stop"	"lower"	0.32	0.33	0.06395	0.0037164605576494	0.1002	0.14115704452672	0.12067852226336	0.852636933241057	0.147363066758943
6	0.707106781186547	"opt_stop"	"lower"	0.33	0.34	0.05605	0.00367639775710027	0.1002	0.14115704452672	0.12067852226336	0.852636933241057	0.147363066758943
6	0.707106781186547	"opt_stop"	"lower"	0.34	0.35	0.04905	0.00363601436764771	0.1002	0.14115704452672	0.12067852226336	0.852636933241057	0.147363066758943
6	0.707106781186547	"opt_stop"	"lower"	0.35	0.36	0.03775	0.00359535953762313	0.1002	0.14115704452672	0.12067852226336	0.852636933241057	0.147363066758943
6	0.707106781186547	"opt_stop"	"lower"	0.36	0.37	0.0335	0.00355448078780674	0.1002	0.14115704452672	0.12067852226336	0.852636933241057	0.147363066758943
6	0.707106781186547	"opt_stop"	"lower"	0.37	0.38	0.0283	0.00351342395198839	0.1002	0.14115704452672	0.12067852226336	0.852636933241057	0.147363066758943
6	0.707106781186547	"opt_stop"	"lower"	0.38	0.39	0.02285	0.00347223312923983	0.1002	0.14115704452672	0.12067852226336	0.852636933241057	0.147363066758943
6	0.707106781186547	"opt_stop"	"lower"	0.39	0.4	0.0195	0.0034309506473047	0.1002	0.14115704452672	0.12067852226336	0.852636933241057	0.147363066758943
6	0.707106781186547	"opt_stop"	"lower"	0.4	0.41	0.0169	0.00338961703647089	0.1002	0.14115704452672	0.12067852226336	0.852636933241057	0.147363066758943
6	0.707106781186547	"opt_stop"	"lower"	0.41	0.42	0.01275	0.00334827101326107	0.1002	0.14115704452672	0.12067852226336	0.852636933241057	0.147363066758943
6	0.707106781186547	"opt_stop"	"lower"	0.42	0.43	0.0096	0.00330694947325083	0.1002	0.14115704452672	0.12067852226336	0.852636933241057	0.147363066758943
6	0.707106781186547	"opt_stop"	"lower"	0.43	0.44	0.0093	0.00326568749231892	0.1002	0.14115704452672	0.12067852226336	0.852636933241057	0.147363066758943
6	0.707106781186547	"opt_stop"	"lower"	0.44	0.45	0.00745	0.00322451833563064	0.1002	0.14115704452672	0.12067852226336	0.852636933241057	0.147363066758943
6	0.707106781186547	"opt_stop"	"lower"	0.45	0.46	0.00615	0.00318347347365244	0.1002	0.14115704452672	0.12067852226336	0.852636933241057	0.147363066758943
6	0.707106781186547	"opt_stop"	"lower"	0.46	0.47	0.005	0.00314258260451983	0.1002	0.14115704452672	0.12067852226336	0.852636933241057	0.147363066758943
6	0.707106781186547	"opt_stop"	"lower"	0.47	0.48	0.00385	0.00310187368208414	0.1002	0.14115704452672	0.12067852226336	0.852636933241057	0.147363066758943
6	0.707106781186547	"opt_stop"	"lower"	0.48	0.49	0.0036	0.00306137294899522	0.1002	0.14115704452672	0.12067852226336	0.852636933241057	0.147363066758943
6	0.707106781186547	"opt_stop"	"lower"	0.49	0.5	0.00265	0.00302110497419494	0.1002	0.14115704452672	0.12067852226336	0.852636933241057	0.147363066758943
6	0.707106781186547	"opt_stop"	"lower"	0.5	0.51	0.0012	0.00298109269423352	0.1002	0.14115704452672	0.12067852226336	0.852636933241057	0.147363066758943
6	0.707106781186547	"opt_stop"	"lower"	0.51	0.52	0.0017	0.00294135745783941	0.1002	0.14115704452672	0.12067852226336	0.852636933241057	0.147363066758943
6	0.707106781186547	"opt_stop"	"lower"	0.52	0.53	0.00125	0.00290191907322168	0.1002	0.14115704452672	0.12067852226336	0.852636933241057	0.147363066758943
6	0.707106781186547	"opt_stop"	"lower"	0.53	0.54	0.0012	0.00286279585760063	0.1002	0.14115704452672	0.12067852226336	0.852636933241057	0.147363066758943
6	0.707106781186547	"opt_stop"	"lower"	0.54	0.55	8e-04	0.00282400468851374	0.1002	0.14115704452672	0.12067852226336	0.852636933241057	0.147363066758943
6	0.707106781186547	"opt_stop"	"lower"	0.55	0.56	6e-04	0.00278556105646488	0.1002	0.14115704452672	0.12067852226336	0.852636933241057	0.147363066758943
6	0.707106781186547	"opt_stop"	"lower"	0.56	0.57	0.00075	0.00274747911852713	0.1002	0.14115704452672	0.12067852226336	0.852636933241057	0.147363066758943
6	0.707106781186547	"opt_stop"	"lower"	0.57	0.58	5e-04	0.00270977175254339	0.1002	0.14115704452672	0.12067852226336	0.852636933241057	0.147363066758943
6	0.707106781186547	"opt_stop"	"lower"	0.58	0.59	0.00015	0.0026724506115946	0.1002	0.14115704452672	0.12067852226336	0.852636933241057	0.147363066758943
6	0.707106781186547	"opt_stop"	"lower"	0.59	0.6	1e-04	0.00263552617844953	0.1002	0.14115704452672	0.12067852226336	0.852636933241057	0.147363066758943
6	0.707106781186547	"opt_stop"	"lower"	0.6	0.61	0.00015	0.00259900781972977	0.1002	0.14115704452672	0.12067852226336	0.852636933241057	0.147363066758943
6	0.707106781186547	"opt_stop"	"lower"	0.61	0.62	0	0.0025629038395566	0.1002	0.14115704452672	0.12067852226336	0.852636933241057	0.147363066758943
6	0.707106781186547	"opt_stop"	"lower"	0.62	0.63	5e-05	0.00252722153247886	0.1002	0.14115704452672	0.12067852226336	0.852636933241057	0.147363066758943
6	0.707106781186547	"opt_stop"	"lower"	0.63	0.64	5e-05	0.00249196723549794	0.1002	0.14115704452672	0.12067852226336	0.852636933241057	0.147363066758943
6	0.707106781186547	"opt_stop"	"lower"	0.64	0.65	0	0.00245714637903893	0.1002	0.14115704452672	0.12067852226336	0.852636933241057	0.147363066758943
6	0.707106781186547	"opt_stop"	"lower"	0.65	0.66	5e-05	0.00242276353673399	0.1002	0.14115704452672	0.12067852226336	0.852636933241057	0.147363066758943
6	0.707106781186547	"opt_stop"	"lower"	0.66	0.67	0	0.00238882247390815	0.1002	0.14115704452672	0.12067852226336	0.852636933241057	0.147363066758943
6	0.707106781186547	"opt_stop"	"lower"	0.67	0.68	0	0.00235532619467604	0.1002	0.14115704452672	0.12067852226336	0.852636933241057	0.147363066758943
6	0.707106781186547	"opt_stop"	"lower"	0.68	0.69	0	0.00232227698757459	0.1002	0.14115704452672	0.12067852226336	0.852636933241057	0.147363066758943
6	0.707106781186547	"opt_stop"	"lower"	0.69	0.7	0	0.00228967646967748	0.1002	0.14115704452672	0.12067852226336	0.852636933241057	0.147363066758943
6	0.707106781186547	"opt_stop"	"lower"	0.7	0.71	0	0.00225752562914328	0.1002	0.14115704452672	0.12067852226336	0.852636933241057	0.147363066758943
6	0.707106781186547	"opt_stop"	"lower"	0.71	0.72	0	0.00222582486617429	0.1002	0.14115704452672	0.12067852226336	0.852636933241057	0.147363066758943
6	0.707106781186547	"opt_stop"	"lower"	0.72	0.73	0	0.00219457403236178	0.1002	0.14115704452672	0.12067852226336	0.852636933241057	0.147363066758943
6	0.707106781186547	"opt_stop"	"lower"	0.73	0.74	0	0.00216377246841604	0.1002	0.14115704452672	0.12067852226336	0.852636933241057	0.147363066758943
6	0.707106781186547	"opt_stop"	"lower"	0.74	0.75	0	0.00213341904027875	0.1002	0.14115704452672	0.12067852226336	0.852636933241057	0.147363066758943
6	0.707106781186547	"opt_stop"	"lower"	0.75	0.76	0	0.00210351217363292	0.1002	0.14115704452672	0.12067852226336	0.852636933241057	0.147363066758943
6	0.707106781186547	"opt_stop"	"lower"	0.76	0.77	0	0.00207404988682247	0.1002	0.14115704452672	0.12067852226336	0.852636933241057	0.147363066758943
6	0.707106781186547	"opt_stop"	"lower"	0.77	0.78	0	0.00204502982221078	0.1002	0.14115704452672	0.12067852226336	0.852636933241057	0.147363066758943
6	0.707106781186547	"opt_stop"	"lower"	0.78	0.79	0	0.00201644927600275	0.1002	0.14115704452672	0.12067852226336	0.852636933241057	0.147363066758943
6	0.707106781186547	"opt_stop"	"lower"	0.79	0.8	0	0.00198830522656746	0.1002	0.14115704452672	0.12067852226336	0.852636933241057	0.147363066758943
6	0.707106781186547	"opt_stop"	"lower"	0.8	0.81	0	0.00196059436129559	0.1002	0.14115704452672	0.12067852226336	0.852636933241057	0.147363066758943
6	0.707106781186547	"opt_stop"	"lower"	0.81	0.82	0	0.0019333131020346	0.1002	0.14115704452672	0.12067852226336	0.852636933241057	0.147363066758943
6	0.707106781186547	"opt_stop"	"lower"	0.82	0.83	0	0.0019064576291441	0.1002	0.14115704452672	0.12067852226336	0.852636933241057	0.147363066758943
6	0.707106781186547	"opt_stop"	"lower"	0.83	0.84	0	0.00188002390421305	0.1002	0.14115704452672	0.12067852226336	0.852636933241057	0.147363066758943
6	0.707106781186547	"opt_stop"	"lower"	0.84	0.85	0	0.00185400769149069	0.1002	0.14115704452672	0.12067852226336	0.852636933241057	0.147363066758943
6	0.707106781186547	"opt_stop"	"lower"	0.85	0.86	0	0.00182840457807221	0.1002	0.14115704452672	0.12067852226336	0.852636933241057	0.147363066758943
6	0.707106781186547	"opt_stop"	"lower"	0.86	0.87	0	0.00180320999289163	0.1002	0.14115704452672	0.12067852226336	0.852636933241057	0.147363066758943
6	0.707106781186547	"opt_stop"	"lower"	0.87	0.88	0	0.00177841922456745	0.1002	0.14115704452672	0.12067852226336	0.852636933241057	0.147363066758943
6	0.707106781186547	"opt_stop"	"lower"	0.88	0.89	0	0.00175402743814934	0.1002	0.14115704452672	0.12067852226336	0.852636933241057	0.147363066758943
6	0.707106781186547	"opt_stop"	"lower"	0.89	0.9	0	0.00173002969081315	0.1002	0.14115704452672	0.12067852226336	0.852636933241057	0.147363066758943
6	0.707106781186547	"opt_stop"	"lower"	0.9	0.91	0	0.00170642094655349	0.1002	0.14115704452672	0.12067852226336	0.852636933241057	0.147363066758943
6	0.707106781186547	"opt_stop"	"lower"	0.91	0.92	0	0.0016831960899174	0.1002	0.14115704452672	0.12067852226336	0.852636933241057	0.147363066758943
6	0.707106781186547	"opt_stop"	"lower"	0.92	0.93	0	0.00166034993882525	0.1002	0.14115704452672	0.12067852226336	0.852636933241057	0.147363066758943
6	0.707106781186547	"opt_stop"	"lower"	0.93	0.94	0	0.00163787725652575	0.1002	0.14115704452672	0.12067852226336	0.852636933241057	0.147363066758943
6	0.707106781186547	"opt_stop"	"lower"	0.94	0.95	0	0.00161577276272462	0.1002	0.14115704452672	0.12067852226336	0.852636933241057	0.147363066758943
6	0.707106781186547	"opt_stop"	"lower"	0.95	0.96	0	0.00159403114393153	0.1002	0.14115704452672	0.12067852226336	0.852636933241057	0.147363066758943
6	0.707106781186547	"opt_stop"	"lower"	0.96	0.97	0	0.00157264706306615	0.1002	0.14115704452672	0.12067852226336	0.852636933241057	0.147363066758943
6	0.707106781186547	"opt_stop"	"lower"	0.97	0.98	0	0.00155161516836166	0.1002	0.14115704452672	0.12067852226336	0.852636933241057	0.147363066758943
6	0.707106781186547	"opt_stop"	"lower"	0.98	0.99	0	0.0015309301016031	0.1002	0.14115704452672	0.12067852226336	0.852636933241057	0.147363066758943
6	0.707106781186547	"opt_stop"	"lower"	0.99	1	0	0.00151058650574065	0.1002	0.14115704452672	0.12067852226336	0.852636933241057	0.147363066758943
6	0.707106781186547	"opt_stop"	"lower"	1	2	0	0.0877398280459109	0.1002	0.14115704452672	0.12067852226336	0.852636933241057	0.147363066758943
6	0.707106781186547	"opt_stop"	"lower"	2	3	0	0.0344919145899214	0.1002	0.14115704452672	0.12067852226336	0.852636933241057	0.147363066758943
6	0.707106781186547	"stop_avg"	"upper"	0	0.01	0.570618486285714	0.00450128151135432	0.0759802522857143	0.159876266262167	0.117928259273941	0.852636933241057	0.147363066758943
6	0.707106781186547	"stop_avg"	"upper"	0.01	0.02	0.573308780571429	0.00449948195845373	0.0759802522857143	0.159876266262167	0.117928259273941	0.852636933241057	0.147363066758943
6	0.707106781186547	"stop_avg"	"upper"	0.02	0.03	0.566916016	0.00449588716554206	0.0759802522857143	0.159876266262167	0.117928259273941	0.852636933241057	0.147363066758943
6	0.707106781186547	"stop_avg"	"upper"	0.03	0.04	0.571356878142857	0.00449050573258936	0.0759802522857143	0.159876266262167	0.117928259273941	0.852636933241057	0.147363066758943
6	0.707106781186547	"stop_avg"	"upper"	0.04	0.05	0.575208627142857	0.00448335049531756	0.0759802522857143	0.159876266262167	0.117928259273941	0.852636933241057	0.147363066758943
6	0.707106781186547	"stop_avg"	"upper"	0.05	0.06	0.587944437571429	0.0044744384489207	0.0759802522857143	0.159876266262167	0.117928259273941	0.852636933241057	0.147363066758943
6	0.707106781186547	"stop_avg"	"upper"	0.06	0.07	0.584900409571429	0.00446379064767821	0.0759802522857143	0.159876266262167	0.117928259273941	0.852636933241057	0.147363066758943
6	0.707106781186547	"stop_avg"	"upper"	0.07	0.08	0.574615744	0.0044514320815614	0.0759802522857143	0.159876266262167	0.117928259273941	0.852636933241057	0.147363066758943
6	0.707106781186547	"stop_avg"	"upper"	0.08	0.09	0.546951865714286	0.00443739153117217	0.0759802522857143	0.159876266262167	0.117928259273941	0.852636933241057	0.147363066758943
6	0.707106781186547	"stop_avg"	"upper"	0.09	0.1	0.533220520285714	0.00442170140256826	0.0759802522857143	0.159876266262167	0.117928259273941	0.852636933241057	0.147363066758943
6	0.707106781186547	"stop_avg"	"upper"	0.1	0.15	0.513797751571428	0.0218181046491426	0.0759802522857143	0.159876266262167	0.117928259273941	0.852636933241057	0.147363066758943
6	0.707106781186547	"stop_avg"	"upper"	0.15	0.2	0.361119583428571	0.0212024624216106	0.0759802522857143	0.159876266262167	0.117928259273941	0.852636933241057	0.147363066758943
6	0.707106781186547	"stop_avg"	"upper"	0.2	0.25	0.245834433285714	0.0204336199234818	0.0759802522857143	0.159876266262167	0.117928259273941	0.852636933241057	0.147363066758943
6	0.707106781186547	"stop_avg"	"upper"	0.25	0.3	0.167999432	0.019547484106212	0.0759802522857143	0.159876266262167	0.117928259273941	0.852636933241057	0.147363066758943
6	0.707106781186547	"stop_avg"	"upper"	0.3	0.35	0.131568320571429	0.0185804448513571	0.0759802522857143	0.159876266262167	0.117928259273941	0.852636933241057	0.147363066758943
6	0.707106781186547	"stop_avg"	"upper"	0.35	0.4	0.103218331428571	0.0175664480539628	0.0759802522857143	0.159876266262167	0.117928259273941	0.852636933241057	0.147363066758943
6	0.707106781186547	"stop_avg"	"upper"	0.4	0.45	0.0847685535714286	0.0165350433509324	0.0759802522857143	0.159876266262167	0.117928259273941	0.852636933241057	0.147363066758943
6	0.707106781186547	"stop_avg"	"upper"	0.45	0.5	0.0808116821428571	0.0155104076834466	0.0759802522857143	0.159876266262167	0.117928259273941	0.852636933241057	0.147363066758943
6	0.707106781186547	"stop_avg"	"upper"	0.5	0.55	0.0791901792857143	0.014511169771409	0.0759802522857143	0.159876266262167	0.117928259273941	0.852636933241057	0.147363066758943
6	0.707106781186547	"stop_avg"	"upper"	0.55	0.6	0.0800704708571428	0.0135507887175795	0.0759802522857143	0.159876266262167	0.117928259273941	0.852636933241057	0.147363066758943
6	0.707106781186547	"stop_avg"	"upper"	0.6	0.65	0.079422171	0.0126382468063021	0.0759802522857143	0.159876266262167	0.117928259273941	0.852636933241057	0.147363066758943
6	0.707106781186547	"stop_avg"	"upper"	0.65	0.7	0.0792759682857143	0.0117788656625702	0.0759802522857143	0.159876266262167	0.117928259273941	0.852636933241057	0.147363066758943
6	0.707106781186547	"stop_avg"	"upper"	0.7	0.75	0.0779525768571429	0.0109751160363741	0.0759802522857143	0.159876266262167	0.117928259273941	0.852636933241057	0.147363066758943
6	0.707106781186547	"stop_avg"	"upper"	0.75	0.8	0.0779452588571429	0.0102273463852364	0.0759802522857143	0.159876266262167	0.117928259273941	0.852636933241057	0.147363066758943
6	0.707106781186547	"stop_avg"	"upper"	0.8	0.85	0.0777939748571428	0.00953439668817802	0.0759802522857143	0.159876266262167	0.117928259273941	0.852636933241057	0.147363066758943
6	0.707106781186547	"stop_avg"	"upper"	0.85	0.9	0.0783664442857143	0.00889409092449378	0.0759802522857143	0.159876266262167	0.117928259273941	0.852636933241057	0.147363066758943
6	0.707106781186547	"stop_avg"	"upper"	0.9	0.95	0.0788562658571428	0.00830361699454651	0.0759802522857143	0.159876266262167	0.117928259273941	0.852636933241057	0.147363066758943
6	0.707106781186547	"stop_avg"	"upper"	0.95	1	0.0795303285714286	0.00775980998270309	0.0759802522857143	0.159876266262167	0.117928259273941	0.852636933241057	0.147363066758943
6	0.707106781186547	"stop_avg"	"upper"	1	2	0.0800751614285714	0.0877398280459109	0.0759802522857143	0.159876266262167	0.117928259273941	0.852636933241057	0.147363066758943
6	0.707106781186547	"stop_avg"	"upper"	2	3	0.0534741671428571	0.0344919145899214	0.0759802522857143	0.159876266262167	0.117928259273941	0.852636933241057	0.147363066758943
6	0.707106781186547	"stop_avg"	"lower"	0	0.01	0.573308780571429	0.00450128151135432	0.0759802522857143	0.129773129696801	0.102876690991258	0.852636933241057	0.147363066758943
6	0.707106781186547	"stop_avg"	"lower"	0.01	0.02	0.566916016	0.00449948195845373	0.0759802522857143	0.129773129696801	0.102876690991258	0.852636933241057	0.147363066758943
6	0.707106781186547	"stop_avg"	"lower"	0.02	0.03	0.571356878142857	0.00449588716554206	0.0759802522857143	0.129773129696801	0.102876690991258	0.852636933241057	0.147363066758943
6	0.707106781186547	"stop_avg"	"lower"	0.03	0.04	0.575208627142857	0.00449050573258936	0.0759802522857143	0.129773129696801	0.102876690991258	0.852636933241057	0.147363066758943
6	0.707106781186547	"stop_avg"	"lower"	0.04	0.05	0.587944437571429	0.00448335049531756	0.0759802522857143	0.129773129696801	0.102876690991258	0.852636933241057	0.147363066758943
6	0.707106781186547	"stop_avg"	"lower"	0.05	0.06	0.584900409571429	0.0044744384489207	0.0759802522857143	0.129773129696801	0.102876690991258	0.852636933241057	0.147363066758943
6	0.707106781186547	"stop_avg"	"lower"	0.06	0.07	0.574615744	0.00446379064767821	0.0759802522857143	0.129773129696801	0.102876690991258	0.852636933241057	0.147363066758943
6	0.707106781186547	"stop_avg"	"lower"	0.07	0.08	0.546951865714286	0.0044514320815614	0.0759802522857143	0.129773129696801	0.102876690991258	0.852636933241057	0.147363066758943
6	0.707106781186547	"stop_avg"	"lower"	0.08	0.09	0.533220520285714	0.00443739153117217	0.0759802522857143	0.129773129696801	0.102876690991258	0.852636933241057	0.147363066758943
6	0.707106781186547	"stop_avg"	"lower"	0.09	0.1	0.513797751571428	0.00442170140256826	0.0759802522857143	0.129773129696801	0.102876690991258	0.852636933241057	0.147363066758943
6	0.707106781186547	"stop_avg"	"lower"	0.1	0.15	0.361119583428571	0.0218181046491426	0.0759802522857143	0.129773129696801	0.102876690991258	0.852636933241057	0.147363066758943
6	0.707106781186547	"stop_avg"	"lower"	0.15	0.2	0.245834433285714	0.0212024624216106	0.0759802522857143	0.129773129696801	0.102876690991258	0.852636933241057	0.147363066758943
6	0.707106781186547	"stop_avg"	"lower"	0.2	0.25	0.167999432	0.0204336199234818	0.0759802522857143	0.129773129696801	0.102876690991258	0.852636933241057	0.147363066758943
6	0.707106781186547	"stop_avg"	"lower"	0.25	0.3	0.131568320571429	0.019547484106212	0.0759802522857143	0.129773129696801	0.102876690991258	0.852636933241057	0.147363066758943
6	0.707106781186547	"stop_avg"	"lower"	0.3	0.35	0.103218331428571	0.0185804448513571	0.0759802522857143	0.129773129696801	0.102876690991258	0.852636933241057	0.147363066758943
6	0.707106781186547	"stop_avg"	"lower"	0.35	0.4	0.0847685535714286	0.0175664480539628	0.0759802522857143	0.129773129696801	0.102876690991258	0.852636933241057	0.147363066758943
6	0.707106781186547	"stop_avg"	"lower"	0.4	0.45	0.0808116821428571	0.0165350433509324	0.0759802522857143	0.129773129696801	0.102876690991258	0.852636933241057	0.147363066758943
6	0.707106781186547	"stop_avg"	"lower"	0.45	0.5	0.0791901792857143	0.0155104076834466	0.0759802522857143	0.129773129696801	0.102876690991258	0.852636933241057	0.147363066758943
6	0.707106781186547	"stop_avg"	"lower"	0.5	0.55	0.0800704708571428	0.014511169771409	0.0759802522857143	0.129773129696801	0.102876690991258	0.852636933241057	0.147363066758943
6	0.707106781186547	"stop_avg"	"lower"	0.55	0.6	0.079422171	0.0135507887175795	0.0759802522857143	0.129773129696801	0.102876690991258	0.852636933241057	0.147363066758943
6	0.707106781186547	"stop_avg"	"lower"	0.6	0.65	0.0792759682857143	0.0126382468063021	0.0759802522857143	0.129773129696801	0.102876690991258	0.852636933241057	0.147363066758943
6	0.707106781186547	"stop_avg"	"lower"	0.65	0.7	0.0779525768571429	0.0117788656625702	0.0759802522857143	0.129773129696801	0.102876690991258	0.852636933241057	0.147363066758943
6	0.707106781186547	"stop_avg"	"lower"	0.7	0.75	0.0779452588571429	0.0109751160363741	0.0759802522857143	0.129773129696801	0.102876690991258	0.852636933241057	0.147363066758943
6	0.707106781186547	"stop_avg"	"lower"	0.75	0.8	0.0777939748571428	0.0102273463852364	0.0759802522857143	0.129773129696801	0.102876690991258	0.852636933241057	0.147363066758943
6	0.707106781186547	"stop_avg"	"lower"	0.8	0.85	0.0783664442857143	0.00953439668817802	0.0759802522857143	0.129773129696801	0.102876690991258	0.852636933241057	0.147363066758943
6	0.707106781186547	"stop_avg"	"lower"	0.85	0.9	0.0788562658571428	0.00889409092449378	0.0759802522857143	0.129773129696801	0.102876690991258	0.852636933241057	0.147363066758943
6	0.707106781186547	"stop_avg"	"lower"	0.9	0.95	0.0795303285714286	0.00830361699454651	0.0759802522857143	0.129773129696801	0.102876690991258	0.852636933241057	0.147363066758943
6	0.707106781186547	"stop_avg"	"lower"	0.95	1	0.0800751614285714	0.00775980998270309	0.0759802522857143	0.129773129696801	0.102876690991258	0.852636933241057	0.147363066758943
6	0.707106781186547	"stop_avg"	"lower"	1	2	0.0534741671428571	0.0877398280459109	0.0759802522857143	0.129773129696801	0.102876690991258	0.852636933241057	0.147363066758943
6	0.707106781186547	"stop_avg"	"lower"	2	3	0.0409921571428571	0.0344919145899214	0.0759802522857143	0.129773129696801	0.102876690991258	0.852636933241057	0.147363066758943
6	0.707106781186547	"same_dist"	"upper"	0	0.01	0.417085159571429	0.00450128151135432	0.101630457571429	0.131519980478692	0.11657521902506	0.852636933241057	0.147363066758943
6	0.707106781186547	"same_dist"	"upper"	0.01	0.02	0.416736088285714	0.00449948195845373	0.101630457571429	0.131519980478692	0.11657521902506	0.852636933241057	0.147363066758943
6	0.707106781186547	"same_dist"	"upper"	0.02	0.03	0.413616875714286	0.00449588716554206	0.101630457571429	0.131519980478692	0.11657521902506	0.852636933241057	0.147363066758943
6	0.707106781186547	"same_dist"	"upper"	0.03	0.04	0.409780896142857	0.00449050573258936	0.101630457571429	0.131519980478692	0.11657521902506	0.852636933241057	0.147363066758943
6	0.707106781186547	"same_dist"	"upper"	0.04	0.05	0.407673621285714	0.00448335049531756	0.101630457571429	0.131519980478692	0.11657521902506	0.852636933241057	0.147363066758943
6	0.707106781186547	"same_dist"	"upper"	0.05	0.06	0.399917641428571	0.0044744384489207	0.101630457571429	0.131519980478692	0.11657521902506	0.852636933241057	0.147363066758943
6	0.707106781186547	"same_dist"	"upper"	0.06	0.07	0.395351741	0.00446379064767821	0.101630457571429	0.131519980478692	0.11657521902506	0.852636933241057	0.147363066758943
6	0.707106781186547	"same_dist"	"upper"	0.07	0.08	0.381984096142857	0.0044514320815614	0.101630457571429	0.131519980478692	0.11657521902506	0.852636933241057	0.147363066758943
6	0.707106781186547	"same_dist"	"upper"	0.08	0.09	0.367668091	0.00443739153117217	0.101630457571429	0.131519980478692	0.11657521902506	0.852636933241057	0.147363066758943
6	0.707106781186547	"same_dist"	"upper"	0.09	0.1	0.353727399714286	0.00442170140256826	0.101630457571429	0.131519980478692	0.11657521902506	0.852636933241057	0.147363066758943
6	0.707106781186547	"same_dist"	"upper"	0.1	0.15	0.338079763285714	0.0218181046491426	0.101630457571429	0.131519980478692	0.11657521902506	0.852636933241057	0.147363066758943
6	0.707106781186547	"same_dist"	"upper"	0.15	0.2	0.256352112	0.0212024624216106	0.101630457571429	0.131519980478692	0.11657521902506	0.852636933241057	0.147363066758943
6	0.707106781186547	"same_dist"	"upper"	0.2	0.25	0.183393662285714	0.0204336199234818	0.101630457571429	0.131519980478692	0.11657521902506	0.852636933241057	0.147363066758943
6	0.707106781186547	"same_dist"	"upper"	0.25	0.3	0.135575118285714	0.019547484106212	0.101630457571429	0.131519980478692	0.11657521902506	0.852636933241057	0.147363066758943
6	0.707106781186547	"same_dist"	"upper"	0.3	0.35	0.109155169428571	0.0185804448513571	0.101630457571429	0.131519980478692	0.11657521902506	0.852636933241057	0.147363066758943
6	0.707106781186547	"same_dist"	"upper"	0.35	0.4	0.0960454791428571	0.0175664480539628	0.101630457571429	0.131519980478692	0.11657521902506	0.852636933241057	0.147363066758943
6	0.707106781186547	"same_dist"	"upper"	0.4	0.45	0.0894249112857143	0.0165350433509324	0.101630457571429	0.131519980478692	0.11657521902506	0.852636933241057	0.147363066758943
6	0.707106781186547	"same_dist"	"upper"	0.45	0.5	0.086603523	0.0155104076834466	0.101630457571429	0.131519980478692	0.11657521902506	0.852636933241057	0.147363066758943
6	0.707106781186547	"same_dist"	"upper"	0.5	0.55	0.0859453131428571	0.014511169771409	0.101630457571429	0.131519980478692	0.11657521902506	0.852636933241057	0.147363066758943
6	0.707106781186547	"same_dist"	"upper"	0.55	0.6	0.0854784268571429	0.0135507887175795	0.101630457571429	0.131519980478692	0.11657521902506	0.852636933241057	0.147363066758943
6	0.707106781186547	"same_dist"	"upper"	0.6	0.65	0.0850257531428572	0.0126382468063021	0.101630457571429	0.131519980478692	0.11657521902506	0.852636933241057	0.147363066758943
6	0.707106781186547	"same_dist"	"upper"	0.65	0.7	0.0846687465714286	0.0117788656625702	0.101630457571429	0.131519980478692	0.11657521902506	0.852636933241057	0.147363066758943
6	0.707106781186547	"same_dist"	"upper"	0.7	0.75	0.0841548147142857	0.0109751160363741	0.101630457571429	0.131519980478692	0.11657521902506	0.852636933241057	0.147363066758943
6	0.707106781186547	"same_dist"	"upper"	0.75	0.8	0.0837261847142857	0.0102273463852364	0.101630457571429	0.131519980478692	0.11657521902506	0.852636933241057	0.147363066758943
6	0.707106781186547	"same_dist"	"upper"	0.8	0.85	0.0831887685714286	0.00953439668817802	0.101630457571429	0.131519980478692	0.11657521902506	0.852636933241057	0.147363066758943
6	0.707106781186547	"same_dist"	"upper"	0.85	0.9	0.0837004507142857	0.00889409092449378	0.101630457571429	0.131519980478692	0.11657521902506	0.852636933241057	0.147363066758943
6	0.707106781186547	"same_dist"	"upper"	0.9	0.95	0.0834703334285714	0.00830361699454651	0.101630457571429	0.131519980478692	0.11657521902506	0.852636933241057	0.147363066758943
6	0.707106781186547	"same_dist"	"upper"	0.95	1	0.0837095208571428	0.00775980998270309	0.101630457571429	0.131519980478692	0.11657521902506	0.852636933241057	0.147363066758943
6	0.707106781186547	"same_dist"	"upper"	1	2	0.0836142707142857	0.0877398280459109	0.101630457571429	0.131519980478692	0.11657521902506	0.852636933241057	0.147363066758943
6	0.707106781186547	"same_dist"	"upper"	2	3	0.0614991319659646	0.0344919145899214	0.101630457571429	0.131519980478692	0.11657521902506	0.852636933241057	0.147363066758943
6	0.707106781186547	"same_dist"	"lower"	0	0.01	0.416736088285714	0.00450128151135432	0.101630457571429	0.108229277318652	0.10492986744504	0.852636933241057	0.147363066758943
6	0.707106781186547	"same_dist"	"lower"	0.01	0.02	0.413616875714286	0.00449948195845373	0.101630457571429	0.108229277318652	0.10492986744504	0.852636933241057	0.147363066758943
6	0.707106781186547	"same_dist"	"lower"	0.02	0.03	0.409780896142857	0.00449588716554206	0.101630457571429	0.108229277318652	0.10492986744504	0.852636933241057	0.147363066758943
6	0.707106781186547	"same_dist"	"lower"	0.03	0.04	0.407673621285714	0.00449050573258936	0.101630457571429	0.108229277318652	0.10492986744504	0.852636933241057	0.147363066758943
6	0.707106781186547	"same_dist"	"lower"	0.04	0.05	0.399917641428571	0.00448335049531756	0.101630457571429	0.108229277318652	0.10492986744504	0.852636933241057	0.147363066758943
6	0.707106781186547	"same_dist"	"lower"	0.05	0.06	0.395351741	0.0044744384489207	0.101630457571429	0.108229277318652	0.10492986744504	0.852636933241057	0.147363066758943
6	0.707106781186547	"same_dist"	"lower"	0.06	0.07	0.381984096142857	0.00446379064767821	0.101630457571429	0.108229277318652	0.10492986744504	0.852636933241057	0.147363066758943
6	0.707106781186547	"same_dist"	"lower"	0.07	0.08	0.367668091	0.0044514320815614	0.101630457571429	0.108229277318652	0.10492986744504	0.852636933241057	0.147363066758943
6	0.707106781186547	"same_dist"	"lower"	0.08	0.09	0.353727399714286	0.00443739153117217	0.101630457571429	0.108229277318652	0.10492986744504	0.852636933241057	0.147363066758943
6	0.707106781186547	"same_dist"	"lower"	0.09	0.1	0.338079763285714	0.00442170140256826	0.101630457571429	0.108229277318652	0.10492986744504	0.852636933241057	0.147363066758943
6	0.707106781186547	"same_dist"	"lower"	0.1	0.15	0.256352112	0.0218181046491426	0.101630457571429	0.108229277318652	0.10492986744504	0.852636933241057	0.147363066758943
6	0.707106781186547	"same_dist"	"lower"	0.15	0.2	0.183393662285714	0.0212024624216106	0.101630457571429	0.108229277318652	0.10492986744504	0.852636933241057	0.147363066758943
6	0.707106781186547	"same_dist"	"lower"	0.2	0.25	0.135575118285714	0.0204336199234818	0.101630457571429	0.108229277318652	0.10492986744504	0.852636933241057	0.147363066758943
6	0.707106781186547	"same_dist"	"lower"	0.25	0.3	0.109155169428571	0.019547484106212	0.101630457571429	0.108229277318652	0.10492986744504	0.852636933241057	0.147363066758943
6	0.707106781186547	"same_dist"	"lower"	0.3	0.35	0.0960454791428571	0.0185804448513571	0.101630457571429	0.108229277318652	0.10492986744504	0.852636933241057	0.147363066758943
6	0.707106781186547	"same_dist"	"lower"	0.35	0.4	0.0894249112857143	0.0175664480539628	0.101630457571429	0.108229277318652	0.10492986744504	0.852636933241057	0.147363066758943
6	0.707106781186547	"same_dist"	"lower"	0.4	0.45	0.086603523	0.0165350433509324	0.101630457571429	0.108229277318652	0.10492986744504	0.852636933241057	0.147363066758943
6	0.707106781186547	"same_dist"	"lower"	0.45	0.5	0.0859453131428571	0.0155104076834466	0.101630457571429	0.108229277318652	0.10492986744504	0.852636933241057	0.147363066758943
6	0.707106781186547	"same_dist"	"lower"	0.5	0.55	0.0854784268571428	0.014511169771409	0.101630457571429	0.108229277318652	0.10492986744504	0.852636933241057	0.147363066758943
6	0.707106781186547	"same_dist"	"lower"	0.55	0.6	0.0850257531428572	0.0135507887175795	0.101630457571429	0.108229277318652	0.10492986744504	0.852636933241057	0.147363066758943
6	0.707106781186547	"same_dist"	"lower"	0.6	0.65	0.0846687465714286	0.0126382468063021	0.101630457571429	0.108229277318652	0.10492986744504	0.852636933241057	0.147363066758943
6	0.707106781186547	"same_dist"	"lower"	0.65	0.7	0.0841548147142857	0.0117788656625702	0.101630457571429	0.108229277318652	0.10492986744504	0.852636933241057	0.147363066758943
6	0.707106781186547	"same_dist"	"lower"	0.7	0.75	0.0837261847142857	0.0109751160363741	0.101630457571429	0.108229277318652	0.10492986744504	0.852636933241057	0.147363066758943
6	0.707106781186547	"same_dist"	"lower"	0.75	0.8	0.0831887685714286	0.0102273463852364	0.101630457571429	0.108229277318652	0.10492986744504	0.852636933241057	0.147363066758943
6	0.707106781186547	"same_dist"	"lower"	0.8	0.85	0.0837004507142857	0.00953439668817802	0.101630457571429	0.108229277318652	0.10492986744504	0.852636933241057	0.147363066758943
6	0.707106781186547	"same_dist"	"lower"	0.85	0.9	0.0834703334285714	0.00889409092449378	0.101630457571429	0.108229277318652	0.10492986744504	0.852636933241057	0.147363066758943
6	0.707106781186547	"same_dist"	"lower"	0.9	0.95	0.0837095208571428	0.00830361699454651	0.101630457571429	0.108229277318652	0.10492986744504	0.852636933241057	0.147363066758943
6	0.707106781186547	"same_dist"	"lower"	0.95	1	0.0836142707142857	0.00775980998270309	0.101630457571429	0.108229277318652	0.10492986744504	0.852636933241057	0.147363066758943
6	0.707106781186547	"same_dist"	"lower"	1	2	0.0614991319659646	0.0877398280459109	0.101630457571429	0.108229277318652	0.10492986744504	0.852636933241057	0.147363066758943
6	0.707106781186547	"same_dist"	"lower"	2	3	0.050060565206829	0.0344919145899214	0.101630457571429	0.108229277318652	0.10492986744504	0.852636933241057	0.147363066758943
