"trueDelta"	"eCrit_upper"	"eCrit_lower"	"n"	"n_reps"	"h1_n"	"h0_n"	"ind_n"	"h1_prob"	"h0_prob"	"ind_prob"
0.4	20	0.05	2	500	0	0	500	0	0	1
0.4	20	0.05	3	500	0	0	500	0	0	1
0.4	20	0.05	4	500	0	0	500	0	0	1
0.4	20	0.05	5	500	0	0	500	0	0	1
0.4	20	0.05	6	500	0	0	500	0	0	1
0.4	20	0.05	7	500	0	0	500	0	0	1
0.4	20	0.05	8	500	0	1	499	0	0.002	0.998
0.4	20	0.05	9	500	0	4	496	0	0.008	0.992
0.4	20	0.05	10	500	2	4	494	0.004	0.008	0.988
0.4	20	0.05	11	500	6	5	489	0.012	0.01	0.978
0.4	20	0.05	12	500	9	6	485	0.018	0.012	0.97
0.4	20	0.05	13	500	9	8	483	0.018	0.016	0.966
0.4	20	0.05	14	500	11	7	482	0.022	0.014	0.964
0.4	20	0.05	15	500	14	10	476	0.028	0.02	0.952
0.4	20	0.05	16	500	33	13	454	0.066	0.026	0.908
0.4	20	0.05	17	500	26	12	462	0.052	0.024	0.924
0.4	20	0.05	18	500	39	10	451	0.078	0.02	0.902
0.4	20	0.05	19	500	50	12	438	0.1	0.024	0.876
0.4	20	0.05	20	500	44	17	439	0.088	0.034	0.878
0.4	20	0.05	21	500	55	14	431	0.11	0.028	0.862
0.4	20	0.05	22	500	59	14	427	0.118	0.028	0.854
0.4	20	0.05	23	500	55	21	424	0.11	0.042	0.848
0.4	20	0.05	24	500	61	26	413	0.122	0.052	0.826
0.4	20	0.05	25	500	66	12	422	0.132	0.024	0.844
0.4	20	0.05	26	500	74	21	405	0.148	0.042	0.81
0.4	20	0.05	27	500	67	36	397	0.134	0.072	0.794
0.4	20	0.05	28	500	76	28	396	0.152	0.056	0.792
0.4	20	0.05	29	500	83	22	395	0.166	0.044	0.79
0.4	20	0.05	30	500	78	24	398	0.156	0.048	0.796
0.4	20	0.05	31	500	98	23	379	0.196	0.046	0.758
0.4	20	0.05	32	500	82	27	391	0.164	0.054	0.782
0.4	20	0.05	33	500	90	35	375	0.18	0.07	0.75
0.4	20	0.05	34	500	106	27	367	0.212	0.054	0.734
0.4	20	0.05	35	500	98	30	372	0.196	0.06	0.744
0.4	20	0.05	36	500	96	38	366	0.192	0.076	0.732
0.4	20	0.05	37	500	109	24	367	0.218	0.048	0.734
0.4	20	0.05	38	500	134	31	335	0.268	0.062	0.67
0.4	20	0.05	39	500	121	28	351	0.242	0.056	0.702
0.4	20	0.05	40	500	115	28	357	0.23	0.056	0.714
0.4	20	0.05	41	500	139	33	328	0.278	0.066	0.656
0.4	20	0.05	42	500	116	35	349	0.232	0.07	0.698
0.4	20	0.05	43	500	130	37	333	0.26	0.074	0.666
0.4	20	0.05	44	500	136	33	331	0.272	0.066	0.662
0.4	20	0.05	45	500	122	36	342	0.244	0.072	0.684
0.4	20	0.05	46	500	148	39	313	0.296	0.078	0.626
0.4	20	0.05	47	500	132	28	340	0.264	0.056	0.68
0.4	20	0.05	48	500	150	34	316	0.3	0.068	0.632
0.4	20	0.05	49	500	153	37	310	0.306	0.074	0.62
0.4	20	0.05	50	500	147	33	320	0.294	0.066	0.64
0.4	20	0.05	51	500	135	35	330	0.27	0.07	0.66
0.4	20	0.05	52	500	156	43	301	0.312	0.086	0.602
0.4	20	0.05	53	500	160	42	298	0.32	0.084	0.596
0.4	20	0.05	54	500	151	34	315	0.302	0.068	0.63
0.4	20	0.05	55	500	161	36	303	0.322	0.072	0.606
0.4	20	0.05	56	500	168	39	293	0.336	0.078	0.586
0.4	20	0.05	57	500	179	27	294	0.358	0.054	0.588
0.4	20	0.05	58	500	163	39	298	0.326	0.078	0.596
0.4	20	0.05	59	500	165	33	302	0.33	0.066	0.604
0.4	20	0.05	60	500	164	27	309	0.328	0.054	0.618
0.4	20	0.05	61	500	171	32	297	0.342	0.064	0.594
0.4	20	0.05	62	500	195	36	269	0.39	0.072	0.538
0.4	20	0.05	63	500	190	25	285	0.38	0.05	0.57
0.4	20	0.05	64	500	160	44	296	0.32	0.088	0.592
0.4	20	0.05	65	500	183	38	279	0.366	0.076	0.558
0.4	20	0.05	66	500	196	44	260	0.392	0.088	0.52
0.4	20	0.05	67	500	206	33	261	0.412	0.066	0.522
0.4	20	0.05	68	500	202	40	258	0.404	0.08	0.516
0.4	20	0.05	69	500	182	40	278	0.364	0.08	0.556
0.4	20	0.05	70	500	201	37	262	0.402	0.074	0.524
0.4	20	0.05	71	500	204	28	268	0.408	0.056	0.536
0.4	20	0.05	72	500	210	32	258	0.42	0.064	0.516
0.4	20	0.05	73	500	200	43	257	0.4	0.086	0.514
0.4	20	0.05	74	500	218	39	243	0.436	0.078	0.486
0.4	20	0.05	75	500	192	42	266	0.384	0.084	0.532
0.4	20	0.05	76	500	197	36	267	0.394	0.072	0.534
0.4	20	0.05	77	500	213	37	250	0.426	0.074	0.5
0.4	20	0.05	78	500	221	40	239	0.442	0.08	0.478
0.4	20	0.05	79	500	199	48	253	0.398	0.096	0.506
0.4	20	0.05	80	500	213	36	251	0.426	0.072	0.502
0.4	20	0.05	81	500	214	47	239	0.428	0.094	0.478
0.4	20	0.05	82	500	213	39	248	0.426	0.078	0.496
0.4	20	0.05	83	500	234	41	225	0.468	0.082	0.45
0.4	20	0.05	84	500	217	41	242	0.434	0.082	0.484
0.4	20	0.05	85	500	251	37	212	0.502	0.074	0.424
0.4	20	0.05	86	500	229	45	226	0.458	0.09	0.452
0.4	20	0.05	87	500	200	51	249	0.4	0.102	0.498
0.4	20	0.05	88	500	225	34	241	0.45	0.068	0.482
0.4	20	0.05	89	500	232	33	235	0.464	0.066	0.47
0.4	20	0.05	90	500	243	41	216	0.486	0.082	0.432
0.4	20	0.05	91	500	227	34	239	0.454	0.068	0.478
0.4	20	0.05	92	500	229	44	227	0.458	0.088	0.454
0.4	20	0.05	93	500	237	45	218	0.474	0.09	0.436
0.4	20	0.05	94	500	232	35	233	0.464	0.07	0.466
0.4	20	0.05	95	500	246	39	215	0.492	0.078	0.43
0.4	20	0.05	96	500	215	48	237	0.43	0.096	0.474
0.4	20	0.05	97	500	247	34	219	0.494	0.068	0.438
0.4	20	0.05	98	500	238	41	221	0.476	0.082	0.442
0.4	20	0.05	99	500	264	33	203	0.528	0.066	0.406
0.4	20	0.05	100	500	248	37	215	0.496	0.074	0.43
0.4	20	0.05	101	500	255	46	199	0.51	0.092	0.398
0.4	20	0.05	102	500	249	36	215	0.498	0.072	0.43
0.4	20	0.05	103	500	251	49	200	0.502	0.098	0.4
0.4	20	0.05	104	500	241	44	215	0.482	0.088	0.43
0.4	20	0.05	105	500	245	44	211	0.49	0.088	0.422
0.4	20	0.05	106	500	282	29	189	0.564	0.058	0.378
0.4	20	0.05	107	500	245	41	214	0.49	0.082	0.428
0.4	20	0.05	108	500	244	30	226	0.488	0.06	0.452
0.4	20	0.05	109	500	256	46	198	0.512	0.092	0.396
0.4	20	0.05	110	500	258	42	200	0.516	0.084	0.4
0.4	20	0.05	111	500	259	40	201	0.518	0.08	0.402
0.4	20	0.05	112	500	256	46	198	0.512	0.092	0.396
0.4	20	0.05	113	500	257	38	205	0.514	0.076	0.41
0.4	20	0.05	114	500	278	32	190	0.556	0.064	0.38
0.4	20	0.05	115	500	271	40	189	0.542	0.08	0.378
0.4	20	0.05	116	500	274	35	191	0.548	0.07	0.382
0.4	20	0.05	117	500	270	38	192	0.54	0.076	0.384
0.4	20	0.05	118	500	264	47	189	0.528	0.094	0.378
0.4	20	0.05	119	500	285	42	173	0.57	0.084	0.346
0.4	20	0.05	120	500	266	40	194	0.532	0.08	0.388
0.4	20	0.05	121	500	273	39	188	0.546	0.078	0.376
0.4	20	0.05	122	500	286	28	186	0.572	0.056	0.372
0.4	20	0.05	123	500	266	33	201	0.532	0.066	0.402
0.4	20	0.05	124	500	282	36	182	0.564	0.072	0.364
0.4	20	0.05	125	500	273	39	188	0.546	0.078	0.376
0.4	20	0.05	126	500	288	39	173	0.576	0.078	0.346
0.4	20	0.05	127	500	283	31	186	0.566	0.062	0.372
0.4	20	0.05	128	500	279	44	177	0.558	0.088	0.354
0.4	20	0.05	129	500	294	36	170	0.588	0.072	0.34
0.4	20	0.05	130	500	283	39	178	0.566	0.078	0.356
0.4	20	0.05	131	500	270	37	193	0.54	0.074	0.386
0.4	20	0.05	132	500	300	38	162	0.6	0.076	0.324
0.4	20	0.05	133	500	276	47	177	0.552	0.094	0.354
0.4	20	0.05	134	500	317	37	146	0.634	0.074	0.292
0.4	20	0.05	135	500	292	35	173	0.584	0.07	0.346
0.4	20	0.05	136	500	278	52	170	0.556	0.104	0.34
0.4	20	0.05	137	500	308	37	155	0.616	0.074	0.31
0.4	20	0.05	138	500	271	45	184	0.542	0.09	0.368
0.4	20	0.05	139	500	297	38	165	0.594	0.076	0.33
0.4	20	0.05	140	500	279	43	178	0.558	0.086	0.356
0.4	20	0.05	141	500	305	30	165	0.61	0.06	0.33
0.4	20	0.05	142	500	285	38	177	0.57	0.076	0.354
0.4	20	0.05	143	500	306	27	167	0.612	0.054	0.334
0.4	20	0.05	144	500	300	39	161	0.6	0.078	0.322
0.4	20	0.05	145	500	287	36	177	0.574	0.072	0.354
0.4	20	0.05	146	500	296	44	160	0.592	0.088	0.32
0.4	20	0.05	147	500	300	38	162	0.6	0.076	0.324
0.4	20	0.05	148	500	302	33	165	0.604	0.066	0.33
0.4	20	0.05	149	500	330	39	131	0.66	0.078	0.262
0.4	20	0.05	150	500	306	34	160	0.612	0.068	0.32
0.4	20	0.05	151	500	310	27	163	0.62	0.054	0.326
0.4	20	0.05	152	500	309	37	154	0.618	0.074	0.308
0.4	20	0.05	153	500	305	38	157	0.61	0.076	0.314
0.4	20	0.05	154	500	303	38	159	0.606	0.076	0.318
0.4	20	0.05	155	500	313	38	149	0.626	0.076	0.298
0.4	20	0.05	156	500	297	39	164	0.594	0.078	0.328
0.4	20	0.05	157	500	324	29	147	0.648	0.058	0.294
0.4	20	0.05	158	500	305	29	166	0.61	0.058	0.332
0.4	20	0.05	159	500	309	36	155	0.618	0.072	0.31
0.4	20	0.05	160	500	313	37	150	0.626	0.074	0.3
0.4	20	0.05	161	500	310	36	154	0.62	0.072	0.308
0.4	20	0.05	162	500	315	31	154	0.63	0.062	0.308
0.4	20	0.05	163	500	317	38	145	0.634	0.076	0.29
0.4	20	0.05	164	500	298	34	168	0.596	0.068	0.336
0.4	20	0.05	165	500	317	35	148	0.634	0.07	0.296
0.4	20	0.05	166	500	313	35	152	0.626	0.07	0.304
0.4	20	0.05	167	500	338	35	127	0.676	0.07	0.254
0.4	20	0.05	168	500	328	30	142	0.656	0.06	0.284
0.4	20	0.05	169	500	326	31	143	0.652	0.062	0.286
0.4	20	0.05	170	500	328	27	145	0.656	0.054	0.29
0.4	20	0.05	171	500	319	36	145	0.638	0.072	0.29
0.4	20	0.05	172	500	308	37	155	0.616	0.074	0.31
0.4	20	0.05	173	500	323	35	142	0.646	0.07	0.284
0.4	20	0.05	174	500	335	22	143	0.67	0.044	0.286
0.4	20	0.05	175	500	324	33	143	0.648	0.066	0.286
0.4	20	0.05	176	500	340	26	134	0.68	0.052	0.268
0.4	20	0.05	177	500	323	35	142	0.646	0.07	0.284
0.4	20	0.05	178	500	318	37	145	0.636	0.074	0.29
0.4	20	0.05	179	500	316	39	145	0.632	0.078	0.29
0.4	20	0.05	180	500	338	35	127	0.676	0.07	0.254
0.4	20	0.05	181	500	322	43	135	0.644	0.086	0.27
0.4	20	0.05	182	500	320	43	137	0.64	0.086	0.274
0.4	20	0.05	183	500	318	44	138	0.636	0.088	0.276
0.4	20	0.05	184	500	320	31	149	0.64	0.062	0.298
0.4	20	0.05	185	500	315	35	150	0.63	0.07	0.3
0.4	20	0.05	186	500	341	41	118	0.682	0.082	0.236
0.4	20	0.05	187	500	341	44	115	0.682	0.088	0.23
0.4	20	0.05	188	500	331	36	133	0.662	0.072	0.266
0.4	20	0.05	189	500	326	27	147	0.652	0.054	0.294
0.4	20	0.05	190	500	338	34	128	0.676	0.068	0.256
0.4	20	0.05	191	500	325	37	138	0.65	0.074	0.276
0.4	20	0.05	192	500	352	24	124	0.704	0.048	0.248
0.4	20	0.05	193	500	316	35	149	0.632	0.07	0.298
0.4	20	0.05	194	500	322	42	136	0.644	0.084	0.272
0.4	20	0.05	195	500	339	39	122	0.678	0.078	0.244
0.4	20	0.05	196	500	345	30	125	0.69	0.06	0.25
0.4	20	0.05	197	500	342	36	122	0.684	0.072	0.244
0.4	20	0.05	198	500	344	30	126	0.688	0.06	0.252
0.4	20	0.05	199	500	340	28	132	0.68	0.056	0.264
0.4	20	0.05	200	500	346	28	126	0.692	0.056	0.252
0.4	20	0.05	201	500	350	30	120	0.7	0.06	0.24
0.4	20	0.05	202	500	340	36	124	0.68	0.072	0.248
0.4	20	0.05	203	500	363	23	114	0.726	0.046	0.228
0.4	20	0.05	204	500	337	42	121	0.674	0.084	0.242
0.4	20	0.05	205	500	367	29	104	0.734	0.058	0.208
0.4	20	0.05	206	500	350	25	125	0.7	0.05	0.25
0.4	20	0.05	207	500	342	42	116	0.684	0.084	0.232
0.4	20	0.05	208	500	341	39	120	0.682	0.078	0.24
0.4	20	0.05	209	500	339	44	117	0.678	0.088	0.234
0.4	20	0.05	210	500	349	30	121	0.698	0.06	0.242
0.4	20	0.05	211	500	355	28	117	0.71	0.056	0.234
0.4	20	0.05	212	500	357	28	115	0.714	0.056	0.23
0.4	20	0.05	213	500	363	34	103	0.726	0.068	0.206
0.4	20	0.05	214	500	376	27	97	0.752	0.054	0.194
0.4	20	0.05	215	500	357	34	109	0.714	0.068	0.218
0.4	20	0.05	216	500	354	30	116	0.708	0.06	0.232
0.4	20	0.05	217	500	350	36	114	0.7	0.072	0.228
0.4	20	0.05	218	500	357	32	111	0.714	0.064	0.222
0.4	20	0.05	219	500	360	29	111	0.72	0.058	0.222
0.4	20	0.05	220	500	344	40	116	0.688	0.08	0.232
0.4	20	0.05	221	500	374	30	96	0.748	0.06	0.192
0.4	20	0.05	222	500	350	41	109	0.7	0.082	0.218
0.4	20	0.05	223	500	349	38	113	0.698	0.076	0.226
0.4	20	0.05	224	500	352	32	116	0.704	0.064	0.232
0.4	20	0.05	225	500	372	33	95	0.744	0.066	0.19
0.4	20	0.05	226	500	362	33	105	0.724	0.066	0.21
0.4	20	0.05	227	500	363	32	105	0.726	0.064	0.21
0.4	20	0.05	228	500	372	28	100	0.744	0.056	0.2
0.4	20	0.05	229	500	368	34	98	0.736	0.068	0.196
0.4	20	0.05	230	500	349	36	115	0.698	0.072	0.23
0.4	20	0.05	231	500	361	25	114	0.722	0.05	0.228
0.4	20	0.05	232	500	377	22	101	0.754	0.044	0.202
0.4	20	0.05	233	500	379	21	100	0.758	0.042	0.2
0.4	20	0.05	234	500	362	48	90	0.724	0.096	0.18
0.4	20	0.05	235	500	370	30	100	0.74	0.06	0.2
0.4	20	0.05	236	500	352	33	115	0.704	0.066	0.23
0.4	20	0.05	237	500	361	32	107	0.722	0.064	0.214
0.4	20	0.05	238	500	369	27	104	0.738	0.054	0.208
0.4	20	0.05	239	500	376	32	92	0.752	0.064	0.184
0.4	20	0.05	240	500	364	31	105	0.728	0.062	0.21
0.4	20	0.05	241	500	375	30	95	0.75	0.06	0.19
0.4	20	0.05	242	500	366	31	103	0.732	0.062	0.206
0.4	20	0.05	243	500	370	27	103	0.74	0.054	0.206
0.4	20	0.05	244	500	374	34	92	0.748	0.068	0.184
0.4	20	0.05	245	500	365	35	100	0.73	0.07	0.2
0.4	20	0.05	246	500	381	21	98	0.762	0.042	0.196
0.4	20	0.05	247	500	372	29	99	0.744	0.058	0.198
0.4	20	0.05	248	500	386	33	81	0.772	0.066	0.162
0.4	20	0.05	249	500	381	32	87	0.762	0.064	0.174
0.4	20	0.05	250	500	368	33	99	0.736	0.066	0.198
0.4	20	0.05	251	500	372	27	101	0.744	0.054	0.202
0.4	20	0.05	252	500	369	27	104	0.738	0.054	0.208
0.4	20	0.05	253	500	367	33	100	0.734	0.066	0.2
0.4	20	0.05	254	500	350	41	109	0.7	0.082	0.218
0.4	20	0.05	255	500	378	19	103	0.756	0.038	0.206
0.4	20	0.05	256	500	385	38	77	0.77	0.076	0.154
0.4	20	0.05	257	500	388	27	85	0.776	0.054	0.17
0.4	20	0.05	258	500	377	32	91	0.754	0.064	0.182
0.4	20	0.05	259	500	358	43	99	0.716	0.086	0.198
0.4	20	0.05	260	500	374	28	98	0.748	0.056	0.196
0.4	20	0.05	261	500	392	19	89	0.784	0.038	0.178
0.4	20	0.05	262	500	370	34	96	0.74	0.068	0.192
0.4	20	0.05	263	500	374	28	98	0.748	0.056	0.196
0.4	20	0.05	264	500	377	28	95	0.754	0.056	0.19
0.4	20	0.05	265	500	384	27	89	0.768	0.054	0.178
0.4	20	0.05	266	500	386	24	90	0.772	0.048	0.18
0.4	20	0.05	267	500	374	24	102	0.748	0.048	0.204
0.4	20	0.05	268	500	382	27	91	0.764	0.054	0.182
0.4	20	0.05	269	500	389	22	89	0.778	0.044	0.178
0.4	20	0.05	270	500	362	30	108	0.724	0.06	0.216
0.4	20	0.05	271	500	359	31	110	0.718	0.062	0.22
0.4	20	0.05	272	500	390	29	81	0.78	0.058	0.162
0.4	20	0.05	273	500	383	27	90	0.766	0.054	0.18
0.4	20	0.05	274	500	384	26	90	0.768	0.052	0.18
0.4	20	0.05	275	500	381	31	88	0.762	0.062	0.176
0.4	20	0.05	276	500	375	35	90	0.75	0.07	0.18
0.4	20	0.05	277	500	392	31	77	0.784	0.062	0.154
0.4	20	0.05	278	500	383	26	91	0.766	0.052	0.182
0.4	20	0.05	279	500	381	32	87	0.762	0.064	0.174
0.4	20	0.05	280	500	391	26	83	0.782	0.052	0.166
0.4	20	0.05	281	500	385	29	86	0.77	0.058	0.172
0.4	20	0.05	282	500	397	32	71	0.794	0.064	0.142
0.4	20	0.05	283	500	379	26	95	0.758	0.052	0.19
0.4	20	0.05	284	500	380	32	88	0.76	0.064	0.176
0.4	20	0.05	285	500	390	23	87	0.78	0.046	0.174
0.4	20	0.05	286	500	382	33	85	0.764	0.066	0.17
0.4	20	0.05	287	500	375	24	101	0.75	0.048	0.202
0.4	20	0.05	288	500	406	21	73	0.812	0.042	0.146
0.4	20	0.05	289	500	393	25	82	0.786	0.05	0.164
0.4	20	0.05	290	500	394	27	79	0.788	0.054	0.158
0.4	20	0.05	291	500	385	22	93	0.77	0.044	0.186
0.4	20	0.05	292	500	392	30	78	0.784	0.06	0.156
0.4	20	0.05	293	500	385	25	90	0.77	0.05	0.18
0.4	20	0.05	294	500	393	24	83	0.786	0.048	0.166
0.4	20	0.05	295	500	401	22	77	0.802	0.044	0.154
0.4	20	0.05	296	500	400	20	80	0.8	0.04	0.16
0.4	20	0.05	297	500	385	32	83	0.77	0.064	0.166
0.4	20	0.05	298	500	398	23	79	0.796	0.046	0.158
0.4	20	0.05	299	500	397	15	88	0.794	0.03	0.176
0.4	20	0.05	300	500	397	27	76	0.794	0.054	0.152
0.4	20	0.05	301	500	395	21	84	0.79	0.042	0.168
0.4	20	0.05	302	500	383	28	89	0.766	0.056	0.178
0.4	20	0.05	303	500	409	21	70	0.818	0.042	0.14
0.4	20	0.05	304	500	394	19	87	0.788	0.038	0.174
0.4	20	0.05	305	500	394	28	78	0.788	0.056	0.156
0.4	20	0.05	306	500	391	30	79	0.782	0.06	0.158
0.4	20	0.05	307	500	386	20	94	0.772	0.04	0.188
0.4	20	0.05	308	500	411	28	61	0.822	0.056	0.122
0.4	20	0.05	309	500	415	21	64	0.83	0.042	0.128
0.4	20	0.05	310	500	419	16	65	0.838	0.032	0.13
0.4	20	0.05	311	500	391	19	90	0.782	0.038	0.18
0.4	20	0.05	312	500	414	16	70	0.828	0.032	0.14
0.4	20	0.05	313	500	392	26	82	0.784	0.052	0.164
0.4	20	0.05	314	500	416	21	63	0.832	0.042	0.126
0.4	20	0.05	315	500	399	30	71	0.798	0.06	0.142
0.4	20	0.05	316	500	403	25	72	0.806	0.05	0.144
0.4	20	0.05	317	500	386	27	87	0.772	0.054	0.174
0.4	20	0.05	318	500	388	28	84	0.776	0.056	0.168
0.4	20	0.05	319	500	402	19	79	0.804	0.038	0.158
0.4	20	0.05	320	500	386	29	85	0.772	0.058	0.17
0.4	20	0.05	321	500	400	20	80	0.8	0.04	0.16
0.4	20	0.05	322	500	416	19	65	0.832	0.038	0.13
0.4	20	0.05	323	500	405	21	74	0.81	0.042	0.148
0.4	20	0.05	324	500	402	21	77	0.804	0.042	0.154
0.4	20	0.05	325	500	392	30	78	0.784	0.06	0.156
0.4	20	0.05	326	500	407	31	62	0.814	0.062	0.124
0.4	20	0.05	327	500	408	27	65	0.816	0.054	0.13
0.4	20	0.05	328	500	407	23	70	0.814	0.046	0.14
0.4	20	0.05	329	500	398	32	70	0.796	0.064	0.14
0.4	20	0.05	330	500	412	17	71	0.824	0.034	0.142
0.4	20	0.05	331	500	423	19	58	0.846	0.038	0.116
0.4	20	0.05	332	500	399	30	71	0.798	0.06	0.142
0.4	20	0.05	333	500	417	22	61	0.834	0.044	0.122
0.4	20	0.05	334	500	413	15	72	0.826	0.03	0.144
0.4	20	0.05	335	500	397	26	77	0.794	0.052	0.154
0.4	20	0.05	336	500	421	21	58	0.842	0.042	0.116
0.4	20	0.05	337	500	414	24	62	0.828	0.048	0.124
0.4	20	0.05	338	500	397	27	76	0.794	0.054	0.152
0.4	20	0.05	339	500	397	20	83	0.794	0.04	0.166
0.4	20	0.05	340	500	415	17	68	0.83	0.034	0.136
0.4	20	0.05	341	500	405	25	70	0.81	0.05	0.14
0.4	20	0.05	342	500	411	27	62	0.822	0.054	0.124
0.4	20	0.05	343	500	415	19	66	0.83	0.038	0.132
0.4	20	0.05	344	500	415	24	61	0.83	0.048	0.122
0.4	20	0.05	345	500	405	26	69	0.81	0.052	0.138
0.4	20	0.05	346	500	417	23	60	0.834	0.046	0.12
0.4	20	0.05	347	500	422	17	61	0.844	0.034	0.122
0.4	20	0.05	348	500	410	20	70	0.82	0.04	0.14
0.4	20	0.05	349	500	412	18	70	0.824	0.036	0.14
0.4	20	0.05	350	500	402	27	71	0.804	0.054	0.142
0.4	20	0.05	351	500	409	22	69	0.818	0.044	0.138
0.4	20	0.05	352	500	403	27	70	0.806	0.054	0.14
0.4	20	0.05	353	500	411	19	70	0.822	0.038	0.14
0.4	20	0.05	354	500	417	18	65	0.834	0.036	0.13
0.4	20	0.05	355	500	404	30	66	0.808	0.06	0.132
0.4	20	0.05	356	500	413	22	65	0.826	0.044	0.13
0.4	20	0.05	357	500	420	20	60	0.84	0.04	0.12
0.4	20	0.05	358	500	406	26	68	0.812	0.052	0.136
0.4	20	0.05	359	500	433	17	50	0.866	0.034	0.1
0.4	20	0.05	360	500	427	21	52	0.854	0.042	0.104
0.4	20	0.05	361	500	414	20	66	0.828	0.04	0.132
0.4	20	0.05	362	500	406	22	72	0.812	0.044	0.144
0.4	20	0.05	363	500	423	15	62	0.846	0.03	0.124
0.4	20	0.05	364	500	403	25	72	0.806	0.05	0.144
0.4	20	0.05	365	500	432	12	56	0.864	0.024	0.112
0.4	20	0.05	366	500	415	23	62	0.83	0.046	0.124
0.4	20	0.05	367	500	411	29	60	0.822	0.058	0.12
0.4	20	0.05	368	500	420	33	47	0.84	0.066	0.094
0.4	20	0.05	369	500	415	20	65	0.83	0.04	0.13
0.4	20	0.05	370	500	423	25	52	0.846	0.05	0.104
0.4	20	0.05	371	500	410	22	68	0.82	0.044	0.136
0.4	20	0.05	372	500	419	18	63	0.838	0.036	0.126
0.4	20	0.05	373	500	413	22	65	0.826	0.044	0.13
0.4	20	0.05	374	500	417	23	60	0.834	0.046	0.12
0.4	20	0.05	375	500	417	24	59	0.834	0.048	0.118
0.4	20	0.05	376	500	417	21	62	0.834	0.042	0.124
0.4	20	0.05	377	500	432	21	47	0.864	0.042	0.094
0.4	20	0.05	378	500	419	26	55	0.838	0.052	0.11
0.4	20	0.05	379	500	424	24	52	0.848	0.048	0.104
0.4	20	0.05	380	500	418	20	62	0.836	0.04	0.124
0.4	20	0.05	381	500	410	22	68	0.82	0.044	0.136
0.4	20	0.05	382	500	419	22	59	0.838	0.044	0.118
0.4	20	0.05	383	500	413	17	70	0.826	0.034	0.14
0.4	20	0.05	384	500	422	23	55	0.844	0.046	0.11
0.4	20	0.05	385	500	434	17	49	0.868	0.034	0.098
0.4	20	0.05	386	500	420	16	64	0.84	0.032	0.128
0.4	20	0.05	387	500	424	21	55	0.848	0.042	0.11
0.4	20	0.05	388	500	424	27	49	0.848	0.054	0.098
0.4	20	0.05	389	500	424	27	49	0.848	0.054	0.098
0.4	20	0.05	390	500	427	14	59	0.854	0.028	0.118
0.4	20	0.05	391	500	427	18	55	0.854	0.036	0.11
0.4	20	0.05	392	500	437	19	44	0.874	0.038	0.088
0.4	20	0.05	393	500	439	16	45	0.878	0.032	0.09
0.4	20	0.05	394	500	421	22	57	0.842	0.044	0.114
0.4	20	0.05	395	500	437	25	38	0.874	0.05	0.076
0.4	20	0.05	396	500	438	12	50	0.876	0.024	0.1
0.4	20	0.05	397	500	434	17	49	0.868	0.034	0.098
0.4	20	0.05	398	500	427	16	57	0.854	0.032	0.114
0.4	20	0.05	399	500	436	13	51	0.872	0.026	0.102
0.4	20	0.05	400	500	423	27	50	0.846	0.054	0.1
0.4	20	0.05	401	500	435	8	57	0.87	0.016	0.114
0.4	20	0.05	402	500	433	17	50	0.866	0.034	0.1
0.4	20	0.05	403	500	434	18	48	0.868	0.036	0.096
0.4	20	0.05	404	500	435	10	55	0.87	0.02	0.11
0.4	20	0.05	405	500	423	20	57	0.846	0.04	0.114
0.4	20	0.05	406	500	441	15	44	0.882	0.03	0.088
0.4	20	0.05	407	500	429	20	51	0.858	0.04	0.102
0.4	20	0.05	408	500	435	20	45	0.87	0.04	0.09
0.4	20	0.05	409	500	436	13	51	0.872	0.026	0.102
0.4	20	0.05	410	500	433	17	50	0.866	0.034	0.1
0.4	20	0.05	411	500	417	17	66	0.834	0.034	0.132
0.4	20	0.05	412	500	431	23	46	0.862	0.046	0.092
0.4	20	0.05	413	500	438	20	42	0.876	0.04	0.084
0.4	20	0.05	414	500	438	16	46	0.876	0.032	0.092
0.4	20	0.05	415	500	427	25	48	0.854	0.05	0.096
0.4	20	0.05	416	500	436	22	42	0.872	0.044	0.084
0.4	20	0.05	417	500	434	26	40	0.868	0.052	0.08
0.4	20	0.05	418	500	437	26	37	0.874	0.052	0.074
0.4	20	0.05	419	500	433	44	23	0.866	0.088	0.046
0.4	20	0.05	420	500	434	51	15	0.868	0.102	0.03
0.4	20	0.05	421	500	413	79	8	0.826	0.158	0.016
0.4	20	0.05	422	500	424	76	0	0.848	0.152	0
0.4	20	0.05	423	500	415	85	0	0.83	0.17	0
0.4	20	0.05	424	500	390	110	0	0.78	0.22	0
0.4	20	0.05	425	500	371	129	0	0.742	0.258	0
0.4	20	0.05	426	500	363	137	0	0.726	0.274	0
0.4	20	0.05	427	500	365	135	0	0.73	0.27	0
0.4	20	0.05	428	500	331	169	0	0.662	0.338	0
0.4	20	0.05	429	500	338	162	0	0.676	0.324	0
0.4	20	0.05	430	500	310	190	0	0.62	0.38	0
0.4	20	0.05	431	500	298	202	0	0.596	0.404	0
0.4	20	0.05	432	500	265	235	0	0.53	0.47	0
0.4	20	0.05	433	500	230	270	0	0.46	0.54	0
0.4	20	0.05	434	500	217	283	0	0.434	0.566	0
0.4	20	0.05	435	500	210	290	0	0.42	0.58	0
0.4	20	0.05	436	500	191	309	0	0.382	0.618	0
0.4	20	0.05	437	500	177	323	0	0.354	0.646	0
0.4	20	0.05	438	500	152	348	0	0.304	0.696	0
0.4	20	0.05	439	500	131	369	0	0.262	0.738	0
0.4	20	0.05	440	500	144	356	0	0.288	0.712	0
0.4	20	0.05	441	500	123	377	0	0.246	0.754	0
0.4	20	0.05	442	500	88	412	0	0.176	0.824	0
0.4	20	0.05	443	500	105	395	0	0.21	0.79	0
0.4	20	0.05	444	500	76	424	0	0.152	0.848	0
0.4	20	0.05	445	500	77	423	0	0.154	0.846	0
0.4	20	0.05	446	500	63	437	0	0.126	0.874	0
0.4	20	0.05	447	500	71	429	0	0.142	0.858	0
0.4	20	0.05	448	500	51	449	0	0.102	0.898	0
0.4	20	0.05	449	500	48	452	0	0.096	0.904	0
0.4	20	0.05	450	500	45	455	0	0.09	0.91	0
0.4	20	0.05	451	500	28	472	0	0.056	0.944	0
0.4	20	0.05	452	500	24	476	0	0.048	0.952	0
0.4	20	0.05	453	500	31	469	0	0.062	0.938	0
0.4	20	0.05	454	500	20	480	0	0.04	0.96	0
0.4	20	0.05	455	500	22	478	0	0.044	0.956	0
0.4	20	0.05	456	500	18	482	0	0.036	0.964	0
0.4	20	0.05	457	500	10	490	0	0.02	0.98	0
0.4	20	0.05	458	500	17	483	0	0.034	0.966	0
0.4	20	0.05	459	500	11	489	0	0.022	0.978	0
0.4	20	0.05	460	500	9	491	0	0.018	0.982	0
0.4	20	0.05	461	500	12	488	0	0.024	0.976	0
0.4	20	0.05	462	500	15	485	0	0.03	0.97	0
0.4	20	0.05	463	500	7	493	0	0.014	0.986	0
0.4	20	0.05	464	500	5	495	0	0.01	0.99	0
0.4	20	0.05	465	500	2	498	0	0.004	0.996	0
0.4	20	0.05	466	500	3	497	0	0.006	0.994	0
0.4	20	0.05	467	500	3	497	0	0.006	0.994	0
0.4	20	0.05	468	500	0	500	0	0	1	0
0.4	20	0.05	469	500	1	499	0	0.002	0.998	0
0.4	20	0.05	470	500	1	499	0	0.002	0.998	0
0.4	20	0.05	471	500	2	498	0	0.004	0.996	0
0.4	20	0.05	472	500	0	500	0	0	1	0
0.4	20	0.05	473	500	0	500	0	0	1	0
0.4	20	0.05	474	500	0	500	0	0	1	0
0.4	20	0.05	475	500	1	499	0	0.002	0.998	0
0.4	20	0.05	476	500	0	500	0	0	1	0
0.4	20	0.05	477	500	0	500	0	0	1	0
0.4	20	0.05	478	500	0	500	0	0	1	0
0.4	20	0.05	479	500	1	499	0	0.002	0.998	0
0.4	20	0.05	480	500	0	500	0	0	1	0
0.4	20	0.05	481	500	0	500	0	0	1	0
0.4	20	0.05	482	500	0	500	0	0	1	0
0.4	20	0.05	483	500	0	500	0	0	1	0
0.4	20	0.05	484	500	0	500	0	0	1	0
0.4	20	0.05	485	500	0	500	0	0	1	0
0.4	20	0.05	486	500	0	500	0	0	1	0
0.4	20	0.05	487	500	0	500	0	0	1	0
0.4	20	0.05	488	500	0	500	0	0	1	0
0.4	20	0.05	489	500	0	500	0	0	1	0
0.4	20	0.05	490	500	0	500	0	0	1	0
0.4	20	0.05	491	500	0	500	0	0	1	0
0.4	20	0.05	492	500	0	500	0	0	1	0
0.4	20	0.05	493	500	0	500	0	0	1	0
0.4	20	0.05	494	500	0	500	0	0	1	0
0.4	20	0.05	495	500	0	500	0	0	1	0
0.4	20	0.05	496	500	0	500	0	0	1	0
0.4	20	0.05	497	500	0	500	0	0	1	0
0.4	20	0.05	498	500	0	500	0	0	1	0
0.4	20	0.05	499	500	0	500	0	0	1	0
0.4	20	0.05	500	500	0	500	0	0	1	0
0.4	20	0.05	501	500	0	500	0	0	1	0
0.4	20	0.05	502	500	0	500	0	0	1	0
0.4	20	0.05	503	500	0	500	0	0	1	0
0.4	20	0.05	504	500	0	500	0	0	1	0
0.4	20	0.05	505	500	0	500	0	0	1	0
0.4	20	0.05	506	500	0	500	0	0	1	0
0.4	20	0.05	507	500	0	500	0	0	1	0
0.4	20	0.05	508	500	0	500	0	0	1	0
0.4	20	0.05	509	500	0	500	0	0	1	0
0.4	20	0.05	510	500	0	500	0	0	1	0
0.4	20	0.05	511	500	0	500	0	0	1	0
0.4	20	0.05	512	500	0	500	0	0	1	0
0.4	20	0.05	513	500	0	500	0	0	1	0
0.4	20	0.05	514	500	0	500	0	0	1	0
0.4	20	0.05	515	500	0	500	0	0	1	0
0.4	20	0.05	516	500	0	500	0	0	1	0
0.4	20	0.05	517	500	0	500	0	0	1	0
0.4	20	0.05	518	500	0	500	0	0	1	0
0.4	20	0.05	519	500	0	500	0	0	1	0
0.4	20	0.05	520	500	0	500	0	0	1	0
0.4	20	0.05	521	500	0	500	0	0	1	0
0.4	20	0.05	522	500	0	500	0	0	1	0
0.4	20	0.05	523	500	0	500	0	0	1	0
0.4	20	0.05	524	500	0	500	0	0	1	0
0.4	20	0.05	525	500	0	500	0	0	1	0
0.4	20	0.05	526	500	0	500	0	0	1	0
0.4	20	0.05	527	500	0	500	0	0	1	0
0.4	20	0.05	528	500	0	500	0	0	1	0
0.4	20	0.05	529	500	0	500	0	0	1	0
0.4	20	0.05	530	500	0	500	0	0	1	0
0.4	20	0.05	531	500	0	500	0	0	1	0
0.4	20	0.05	532	500	0	500	0	0	1	0
0.4	20	0.05	533	500	0	500	0	0	1	0
0.4	20	0.05	534	500	0	500	0	0	1	0
0.4	20	0.05	535	500	0	500	0	0	1	0
0.4	20	0.05	536	500	0	500	0	0	1	0
0.4	20	0.05	537	500	0	500	0	0	1	0
0.4	20	0.05	538	500	0	500	0	0	1	0
0.4	20	0.05	539	500	0	500	0	0	1	0
0.4	20	0.05	540	500	0	500	0	0	1	0
0.4	20	0.05	541	500	0	500	0	0	1	0
0.4	20	0.05	542	500	0	500	0	0	1	0
0.4	20	0.05	543	500	0	500	0	0	1	0
0.4	20	0.05	544	500	0	500	0	0	1	0
0.4	20	0.05	545	500	0	500	0	0	1	0
0.4	20	0.05	546	500	0	500	0	0	1	0
0.4	20	0.05	547	500	0	500	0	0	1	0
0.4	20	0.05	548	500	0	500	0	0	1	0
0.4	20	0.05	549	500	0	500	0	0	1	0
0.4	20	0.05	550	500	0	500	0	0	1	0
0.4	20	0.05	551	500	0	500	0	0	1	0
0.4	20	0.05	552	500	0	500	0	0	1	0
0.4	20	0.05	553	500	0	500	0	0	1	0
0.4	20	0.05	554	500	0	500	0	0	1	0
0.4	20	0.05	555	500	0	500	0	0	1	0
0.4	20	0.05	556	500	0	500	0	0	1	0
0.4	20	0.05	557	500	0	500	0	0	1	0
0.4	20	0.05	558	500	0	500	0	0	1	0
0.4	20	0.05	559	500	0	500	0	0	1	0
0.4	20	0.05	560	500	0	500	0	0	1	0
0.4	20	0.05	561	500	0	500	0	0	1	0
0.4	20	0.05	562	500	0	500	0	0	1	0
0.4	20	0.05	563	500	0	500	0	0	1	0
0.4	20	0.05	564	500	0	500	0	0	1	0
0.4	20	0.05	565	500	0	500	0	0	1	0
0.4	20	0.05	566	500	0	500	0	0	1	0
0.4	20	0.05	567	500	0	500	0	0	1	0
0.4	20	0.05	568	500	0	500	0	0	1	0
0.4	20	0.05	569	500	0	500	0	0	1	0
0.4	20	0.05	570	500	0	500	0	0	1	0
0.4	20	0.05	571	500	0	500	0	0	1	0
0.4	20	0.05	572	500	0	500	0	0	1	0
0.4	20	0.05	573	500	0	500	0	0	1	0
0.4	20	0.05	574	500	0	500	0	0	1	0
0.4	20	0.05	575	500	0	500	0	0	1	0
0.4	20	0.05	576	500	0	500	0	0	1	0
0.4	20	0.05	577	500	0	500	0	0	1	0
0.4	20	0.05	578	500	0	500	0	0	1	0
0.4	20	0.05	579	500	0	500	0	0	1	0
0.4	20	0.05	580	500	0	500	0	0	1	0
0.4	20	0.05	581	500	0	500	0	0	1	0
0.4	20	0.05	582	500	0	500	0	0	1	0
0.4	20	0.05	583	500	0	500	0	0	1	0
0.4	20	0.05	584	500	0	500	0	0	1	0
0.4	20	0.05	585	500	0	500	0	0	1	0
0.4	20	0.05	586	500	0	500	0	0	1	0
0.4	20	0.05	587	500	0	500	0	0	1	0
0.4	20	0.05	588	500	0	500	0	0	1	0
0.4	20	0.05	589	500	0	500	0	0	1	0
0.4	20	0.05	590	500	0	500	0	0	1	0
0.4	20	0.05	591	500	0	500	0	0	1	0
0.4	20	0.05	592	500	0	500	0	0	1	0
0.4	20	0.05	593	500	0	500	0	0	1	0
0.4	20	0.05	594	500	0	500	0	0	1	0
0.4	20	0.05	595	500	0	500	0	0	1	0
0.4	20	0.05	596	500	0	500	0	0	1	0
0.4	20	0.05	597	500	0	500	0	0	1	0
0.4	20	0.05	598	500	0	500	0	0	1	0
0.4	20	0.05	599	500	0	500	0	0	1	0
0.4	20	0.05	600	500	0	500	0	0	1	0
0.4	20	0.05	601	500	0	500	0	0	1	0
0.4	20	0.05	602	500	0	500	0	0	1	0
0.4	20	0.05	603	500	0	500	0	0	1	0
0.4	20	0.05	604	500	0	500	0	0	1	0
0.4	20	0.05	605	500	0	500	0	0	1	0
0.4	20	0.05	606	500	0	500	0	0	1	0
0.4	20	0.05	607	500	0	500	0	0	1	0
0.4	20	0.05	608	500	0	500	0	0	1	0
0.4	20	0.05	609	500	0	500	0	0	1	0
0.4	20	0.05	610	500	0	500	0	0	1	0
0.4	20	0.05	611	500	0	500	0	0	1	0
0.4	20	0.05	612	500	0	500	0	0	1	0
0.4	20	0.05	613	500	0	500	0	0	1	0
0.4	20	0.05	614	500	0	500	0	0	1	0
0.4	20	0.05	615	500	0	500	0	0	1	0
0.4	20	0.05	616	500	0	500	0	0	1	0
0.4	20	0.05	617	500	0	500	0	0	1	0
0.4	20	0.05	618	500	0	500	0	0	1	0
0.4	20	0.05	619	500	0	500	0	0	1	0
0.4	20	0.05	620	500	0	500	0	0	1	0
0.4	20	0.05	621	500	0	500	0	0	1	0
0.4	20	0.05	622	500	0	500	0	0	1	0
0.4	20	0.05	623	500	0	500	0	0	1	0
0.4	20	0.05	624	500	0	500	0	0	1	0
0.4	20	0.05	625	500	0	500	0	0	1	0
0.4	20	0.05	626	500	0	500	0	0	1	0
0.4	20	0.05	627	500	0	500	0	0	1	0
0.4	20	0.05	628	500	0	500	0	0	1	0
0.4	20	0.05	629	500	0	500	0	0	1	0
0.4	20	0.05	630	500	0	500	0	0	1	0
0.4	20	0.05	631	500	0	500	0	0	1	0
0.4	20	0.05	632	500	0	500	0	0	1	0
0.4	20	0.05	633	500	0	500	0	0	1	0
0.4	20	0.05	634	500	0	500	0	0	1	0
0.4	20	0.05	635	500	0	500	0	0	1	0
0.4	20	0.05	636	500	0	500	0	0	1	0
0.4	20	0.05	637	500	0	500	0	0	1	0
0.4	20	0.05	638	500	0	500	0	0	1	0
0.4	20	0.05	639	500	0	500	0	0	1	0
0.4	20	0.05	640	500	0	500	0	0	1	0
0.4	20	0.05	641	500	0	500	0	0	1	0
0.4	20	0.05	642	500	0	500	0	0	1	0
0.4	20	0.05	643	500	0	500	0	0	1	0
0.4	20	0.05	644	500	0	500	0	0	1	0
0.4	20	0.05	645	500	0	500	0	0	1	0
0.4	20	0.05	646	500	0	500	0	0	1	0
0.4	20	0.05	647	500	0	500	0	0	1	0
0.4	20	0.05	648	500	0	500	0	0	1	0
0.4	20	0.05	649	500	0	500	0	0	1	0
0.4	20	0.05	650	500	0	500	0	0	1	0
0.4	20	0.05	651	500	0	500	0	0	1	0
0.4	20	0.05	652	500	0	500	0	0	1	0
0.4	20	0.05	653	500	0	500	0	0	1	0
0.4	20	0.05	654	500	0	500	0	0	1	0
0.4	20	0.05	655	500	0	500	0	0	1	0
0.4	20	0.05	656	500	0	500	0	0	1	0
0.4	20	0.05	657	500	0	500	0	0	1	0
0.4	20	0.05	658	500	0	500	0	0	1	0
0.4	20	0.05	659	500	0	500	0	0	1	0
0.4	20	0.05	660	500	0	500	0	0	1	0
0.4	20	0.05	661	500	0	500	0	0	1	0
0.4	20	0.05	662	500	0	500	0	0	1	0
0.4	20	0.05	663	500	0	500	0	0	1	0
0.4	20	0.05	664	500	0	500	0	0	1	0
0.4	20	0.05	665	500	0	500	0	0	1	0
0.4	20	0.05	666	500	0	500	0	0	1	0
0.4	20	0.05	667	500	0	500	0	0	1	0
0.4	20	0.05	668	500	0	500	0	0	1	0
0.4	20	0.05	669	500	0	500	0	0	1	0
0.4	20	0.05	670	500	0	500	0	0	1	0
0.4	20	0.05	671	500	0	500	0	0	1	0
0.4	20	0.05	672	500	0	500	0	0	1	0
0.4	20	0.05	673	500	0	500	0	0	1	0
0.4	20	0.05	674	500	0	500	0	0	1	0
0.4	20	0.05	675	500	0	500	0	0	1	0
0.4	20	0.05	676	500	0	500	0	0	1	0
0.4	20	0.05	677	500	0	500	0	0	1	0
0.4	20	0.05	678	500	0	500	0	0	1	0
0.4	20	0.05	679	500	0	500	0	0	1	0
0.4	20	0.05	680	500	0	500	0	0	1	0
0.4	20	0.05	681	500	0	500	0	0	1	0
0.4	20	0.05	682	500	0	500	0	0	1	0
0.4	20	0.05	683	500	0	500	0	0	1	0
0.4	20	0.05	684	500	0	500	0	0	1	0
0.4	20	0.05	685	500	0	500	0	0	1	0
0.4	20	0.05	686	500	0	500	0	0	1	0
0.4	20	0.05	687	500	0	500	0	0	1	0
0.4	20	0.05	688	500	0	500	0	0	1	0
0.4	20	0.05	689	500	0	500	0	0	1	0
0.4	20	0.05	690	500	0	500	0	0	1	0
0.4	20	0.05	691	500	0	500	0	0	1	0
0.4	20	0.05	692	500	0	500	0	0	1	0
0.4	20	0.05	693	500	0	500	0	0	1	0
0.4	20	0.05	694	500	0	500	0	0	1	0
0.4	20	0.05	695	500	0	500	0	0	1	0
0.4	20	0.05	696	500	0	500	0	0	1	0
0.4	20	0.05	697	500	0	500	0	0	1	0
0.4	20	0.05	698	500	0	500	0	0	1	0
0.4	20	0.05	699	500	0	500	0	0	1	0
0.4	20	0.05	700	500	0	500	0	0	1	0
0.4	20	0.05	701	500	0	500	0	0	1	0
0.4	20	0.05	702	500	0	500	0	0	1	0
0.4	20	0.05	703	500	0	500	0	0	1	0
0.4	20	0.05	704	500	0	500	0	0	1	0
0.4	20	0.05	705	500	0	500	0	0	1	0
0.4	20	0.05	706	500	0	500	0	0	1	0
0.4	20	0.05	707	500	0	500	0	0	1	0
0.4	20	0.05	708	500	0	500	0	0	1	0
0.4	20	0.05	709	500	0	500	0	0	1	0
0.4	20	0.05	710	500	0	500	0	0	1	0
0.4	20	0.05	711	500	0	500	0	0	1	0
0.4	20	0.05	712	500	0	500	0	0	1	0
0.4	20	0.05	713	500	0	500	0	0	1	0
0.4	20	0.05	714	500	0	500	0	0	1	0
0.4	20	0.05	715	500	0	500	0	0	1	0
0.4	20	0.05	716	500	0	500	0	0	1	0
0.4	20	0.05	717	500	0	500	0	0	1	0
0.4	20	0.05	718	500	0	500	0	0	1	0
0.4	20	0.05	719	500	0	500	0	0	1	0
0.4	20	0.05	720	500	0	500	0	0	1	0
0.4	20	0.05	721	500	0	500	0	0	1	0
0.4	20	0.05	722	500	0	500	0	0	1	0
0.4	20	0.05	723	500	0	500	0	0	1	0
0.4	20	0.05	724	500	0	500	0	0	1	0
0.4	20	0.05	725	500	0	500	0	0	1	0
0.4	20	0.05	726	500	0	500	0	0	1	0
0.4	20	0.05	727	500	0	500	0	0	1	0
0.4	20	0.05	728	500	0	500	0	0	1	0
0.4	20	0.05	729	500	0	500	0	0	1	0
0.4	20	0.05	730	500	0	500	0	0	1	0
0.4	20	0.05	731	500	0	500	0	0	1	0
0.4	20	0.05	732	500	0	500	0	0	1	0
0.4	20	0.05	733	500	0	500	0	0	1	0
0.4	20	0.05	734	500	0	500	0	0	1	0
0.4	20	0.05	735	500	0	500	0	0	1	0
0.4	20	0.05	736	500	0	500	0	0	1	0
0.4	20	0.05	737	500	0	500	0	0	1	0
0.4	20	0.05	738	500	0	500	0	0	1	0
0.4	20	0.05	739	500	0	500	0	0	1	0
0.4	20	0.05	740	500	0	500	0	0	1	0
0.4	20	0.05	741	500	0	500	0	0	1	0
0.4	20	0.05	742	500	0	500	0	0	1	0
0.4	20	0.05	743	500	0	500	0	0	1	0
0.4	20	0.05	744	500	0	500	0	0	1	0
0.4	20	0.05	745	500	0	500	0	0	1	0
0.4	20	0.05	746	500	0	500	0	0	1	0
0.4	20	0.05	747	500	0	500	0	0	1	0
0.4	20	0.05	748	500	0	500	0	0	1	0
0.4	20	0.05	749	500	0	500	0	0	1	0
0.4	20	0.05	750	500	0	500	0	0	1	0
0.4	20	0.05	751	500	0	500	0	0	1	0
0.4	20	0.05	752	500	0	500	0	0	1	0
0.4	20	0.05	753	500	0	500	0	0	1	0
0.4	20	0.05	754	500	0	500	0	0	1	0
0.4	20	0.05	755	500	0	500	0	0	1	0
0.4	20	0.05	756	500	0	500	0	0	1	0
0.4	20	0.05	757	500	0	500	0	0	1	0
0.4	20	0.05	758	500	0	500	0	0	1	0
0.4	20	0.05	759	500	0	500	0	0	1	0
0.4	20	0.05	760	500	0	500	0	0	1	0
0.4	20	0.05	761	500	0	500	0	0	1	0
0.4	20	0.05	762	500	0	500	0	0	1	0
0.4	20	0.05	763	500	0	500	0	0	1	0
0.4	20	0.05	764	500	0	500	0	0	1	0
0.4	20	0.05	765	500	0	500	0	0	1	0
0.4	20	0.05	766	500	0	500	0	0	1	0
0.4	20	0.05	767	500	0	500	0	0	1	0
0.4	20	0.05	768	500	0	500	0	0	1	0
0.4	20	0.05	769	500	0	500	0	0	1	0
0.4	20	0.05	770	500	0	500	0	0	1	0
0.4	20	0.05	771	500	0	500	0	0	1	0
0.4	20	0.05	772	500	0	500	0	0	1	0
0.4	20	0.05	773	500	0	500	0	0	1	0
0.4	20	0.05	774	500	0	500	0	0	1	0
0.4	20	0.05	775	500	0	500	0	0	1	0
0.4	20	0.05	776	500	0	500	0	0	1	0
0.4	20	0.05	777	500	0	500	0	0	1	0
0.4	20	0.05	778	500	0	500	0	0	1	0
0.4	20	0.05	779	500	0	500	0	0	1	0
0.4	20	0.05	780	500	0	500	0	0	1	0
0.4	20	0.05	781	500	0	500	0	0	1	0
0.4	20	0.05	782	500	0	500	0	0	1	0
0.4	20	0.05	783	500	0	500	0	0	1	0
0.4	20	0.05	784	500	0	500	0	0	1	0
0.4	20	0.05	785	500	0	500	0	0	1	0
0.4	20	0.05	786	500	0	500	0	0	1	0
0.4	20	0.05	787	500	0	500	0	0	1	0
0.4	20	0.05	788	500	0	500	0	0	1	0
0.4	20	0.05	789	500	0	500	0	0	1	0
0.4	20	0.05	790	500	0	500	0	0	1	0
0.4	20	0.05	791	500	0	500	0	0	1	0
0.4	20	0.05	792	500	0	500	0	0	1	0
0.4	20	0.05	793	500	0	500	0	0	1	0
0.4	20	0.05	794	500	0	500	0	0	1	0
0.4	20	0.05	795	500	0	500	0	0	1	0
0.4	20	0.05	796	500	0	500	0	0	1	0
0.4	20	0.05	797	500	0	500	0	0	1	0
0.4	20	0.05	798	500	0	500	0	0	1	0
0.4	20	0.05	799	500	0	500	0	0	1	0
0.4	20	0.05	800	500	0	500	0	0	1	0
0.4	20	0.05	801	500	0	500	0	0	1	0
0.4	20	0.05	802	500	0	500	0	0	1	0
0.4	20	0.05	803	500	0	500	0	0	1	0
0.4	20	0.05	804	500	0	500	0	0	1	0
0.4	20	0.05	805	500	0	500	0	0	1	0
0.4	20	0.05	806	500	0	500	0	0	1	0
0.4	20	0.05	807	500	0	500	0	0	1	0
0.4	20	0.05	808	500	0	500	0	0	1	0
0.4	20	0.05	809	500	0	500	0	0	1	0
0.4	20	0.05	810	500	0	500	0	0	1	0
0.4	20	0.05	811	500	0	500	0	0	1	0
0.4	20	0.05	812	500	0	500	0	0	1	0
0.4	20	0.05	813	500	0	500	0	0	1	0
0.4	20	0.05	814	500	0	500	0	0	1	0
0.4	20	0.05	815	500	0	500	0	0	1	0
0.4	20	0.05	816	500	0	500	0	0	1	0
0.4	20	0.05	817	500	0	500	0	0	1	0
0.4	20	0.05	818	500	0	500	0	0	1	0
0.4	20	0.05	819	500	0	500	0	0	1	0
0.4	20	0.05	820	500	0	500	0	0	1	0
0.4	20	0.05	821	500	0	500	0	0	1	0
0.4	20	0.05	822	500	0	500	0	0	1	0
0.4	20	0.05	823	500	0	500	0	0	1	0
0.4	20	0.05	824	500	0	500	0	0	1	0
0.4	20	0.05	825	500	0	500	0	0	1	0
0.4	20	0.05	826	500	0	500	0	0	1	0
0.4	20	0.05	827	500	0	500	0	0	1	0
0.4	20	0.05	828	500	0	500	0	0	1	0
0.4	20	0.05	829	500	0	500	0	0	1	0
0.4	20	0.05	830	500	0	500	0	0	1	0
0.4	20	0.05	831	500	0	500	0	0	1	0
0.4	20	0.05	832	500	0	500	0	0	1	0
0.4	20	0.05	833	500	0	500	0	0	1	0
0.4	20	0.05	834	500	0	500	0	0	1	0
0.4	20	0.05	835	500	0	500	0	0	1	0
0.4	20	0.05	836	500	0	500	0	0	1	0
0.4	20	0.05	837	500	0	500	0	0	1	0
0.4	20	0.05	838	500	0	500	0	0	1	0
0.4	20	0.05	839	500	0	500	0	0	1	0
0.4	20	0.05	840	500	0	500	0	0	1	0
0.4	20	0.05	841	500	0	500	0	0	1	0
0.4	20	0.05	842	500	0	500	0	0	1	0
0.4	20	0.05	843	500	0	500	0	0	1	0
0.4	20	0.05	844	500	0	500	0	0	1	0
0.4	20	0.05	845	500	0	500	0	0	1	0
0.4	20	0.05	846	500	0	500	0	0	1	0
0.4	20	0.05	847	500	0	500	0	0	1	0
0.4	20	0.05	848	500	0	500	0	0	1	0
0.4	20	0.05	849	500	0	500	0	0	1	0
0.4	20	0.05	850	500	0	500	0	0	1	0
0.4	20	0.05	851	500	0	500	0	0	1	0
0.4	20	0.05	852	500	0	500	0	0	1	0
0.4	20	0.05	853	500	0	500	0	0	1	0
0.4	20	0.05	854	500	0	500	0	0	1	0
0.4	20	0.05	855	500	0	500	0	0	1	0
0.4	20	0.05	856	500	0	500	0	0	1	0
0.4	20	0.05	857	500	0	500	0	0	1	0
0.4	20	0.05	858	500	0	500	0	0	1	0
0.4	20	0.05	859	500	0	500	0	0	1	0
0.4	20	0.05	860	500	0	500	0	0	1	0
0.4	20	0.05	861	500	0	500	0	0	1	0
0.4	20	0.05	862	500	0	500	0	0	1	0
0.4	20	0.05	863	500	0	500	0	0	1	0
0.4	20	0.05	864	500	0	500	0	0	1	0
0.4	20	0.05	865	500	0	500	0	0	1	0
0.4	20	0.05	866	500	0	500	0	0	1	0
0.4	20	0.05	867	500	0	500	0	0	1	0
0.4	20	0.05	868	500	0	500	0	0	1	0
0.4	20	0.05	869	500	0	500	0	0	1	0
0.4	20	0.05	870	500	0	500	0	0	1	0
0.4	20	0.05	871	500	0	500	0	0	1	0
0.4	20	0.05	872	500	0	500	0	0	1	0
0.4	20	0.05	873	500	0	500	0	0	1	0
0.4	20	0.05	874	500	0	500	0	0	1	0
0.4	20	0.05	875	500	0	500	0	0	1	0
0.4	20	0.05	876	500	0	500	0	0	1	0
0.4	20	0.05	877	500	0	500	0	0	1	0
0.4	20	0.05	878	500	0	500	0	0	1	0
0.4	20	0.05	879	500	0	500	0	0	1	0
0.4	20	0.05	880	500	0	500	0	0	1	0
0.4	20	0.05	881	500	0	500	0	0	1	0
0.4	20	0.05	882	500	0	500	0	0	1	0
0.4	20	0.05	883	500	0	500	0	0	1	0
0.4	20	0.05	884	500	0	500	0	0	1	0
0.4	20	0.05	885	500	0	500	0	0	1	0
0.4	20	0.05	886	500	0	500	0	0	1	0
0.4	20	0.05	887	500	0	500	0	0	1	0
0.4	20	0.05	888	500	0	500	0	0	1	0
0.4	20	0.05	889	500	0	500	0	0	1	0
0.4	20	0.05	890	500	0	500	0	0	1	0
0.4	20	0.05	891	500	0	500	0	0	1	0
0.4	20	0.05	892	500	0	500	0	0	1	0
0.4	20	0.05	893	500	0	500	0	0	1	0
0.4	20	0.05	894	500	0	500	0	0	1	0
0.4	20	0.05	895	500	0	500	0	0	1	0
0.4	20	0.05	896	500	0	500	0	0	1	0
0.4	20	0.05	897	500	0	500	0	0	1	0
0.4	20	0.05	898	500	0	500	0	0	1	0
0.4	20	0.05	899	500	0	500	0	0	1	0
0.4	20	0.05	900	500	0	500	0	0	1	0
0.4	20	0.05	901	500	0	500	0	0	1	0
0.4	20	0.05	902	500	0	500	0	0	1	0
0.4	20	0.05	903	500	0	500	0	0	1	0
0.4	20	0.05	904	500	0	500	0	0	1	0
0.4	20	0.05	905	500	0	500	0	0	1	0
0.4	20	0.05	906	500	0	500	0	0	1	0
0.4	20	0.05	907	500	0	500	0	0	1	0
0.4	20	0.05	908	500	0	500	0	0	1	0
0.4	20	0.05	909	500	0	500	0	0	1	0
0.4	20	0.05	910	500	0	500	0	0	1	0
0.4	20	0.05	911	500	0	500	0	0	1	0
0.4	20	0.05	912	500	0	500	0	0	1	0
0.4	20	0.05	913	500	0	500	0	0	1	0
0.4	20	0.05	914	500	0	500	0	0	1	0
0.4	20	0.05	915	500	0	500	0	0	1	0
0.4	20	0.05	916	500	0	500	0	0	1	0
0.4	20	0.05	917	500	0	500	0	0	1	0
0.4	20	0.05	918	500	0	500	0	0	1	0
0.4	20	0.05	919	500	0	500	0	0	1	0
0.4	20	0.05	920	500	0	500	0	0	1	0
0.4	20	0.05	921	500	0	500	0	0	1	0
0.4	20	0.05	922	500	0	500	0	0	1	0
0.4	20	0.05	923	500	0	500	0	0	1	0
0.4	20	0.05	924	500	0	500	0	0	1	0
0.4	20	0.05	925	500	0	500	0	0	1	0
0.4	20	0.05	926	500	0	500	0	0	1	0
0.4	20	0.05	927	500	0	500	0	0	1	0
0.4	20	0.05	928	500	0	500	0	0	1	0
0.4	20	0.05	929	500	0	500	0	0	1	0
0.4	20	0.05	930	500	0	500	0	0	1	0
0.4	20	0.05	931	500	0	500	0	0	1	0
0.4	20	0.05	932	500	0	500	0	0	1	0
0.4	20	0.05	933	500	0	500	0	0	1	0
0.4	20	0.05	934	500	0	500	0	0	1	0
0.4	20	0.05	935	500	0	500	0	0	1	0
0.4	20	0.05	936	500	0	500	0	0	1	0
0.4	20	0.05	937	500	0	500	0	0	1	0
0.4	20	0.05	938	500	0	500	0	0	1	0
0.4	20	0.05	939	500	0	500	0	0	1	0
0.4	20	0.05	940	500	0	500	0	0	1	0
0.4	20	0.05	941	500	0	500	0	0	1	0
0.4	20	0.05	942	500	0	500	0	0	1	0
0.4	20	0.05	943	500	0	500	0	0	1	0
0.4	20	0.05	944	500	0	500	0	0	1	0
0.4	20	0.05	945	500	0	500	0	0	1	0
0.4	20	0.05	946	500	0	500	0	0	1	0
0.4	20	0.05	947	500	0	500	0	0	1	0
0.4	20	0.05	948	500	0	500	0	0	1	0
0.4	20	0.05	949	500	0	500	0	0	1	0
0.4	20	0.05	950	500	0	500	0	0	1	0
0.4	20	0.05	951	500	0	500	0	0	1	0
0.4	20	0.05	952	500	0	500	0	0	1	0
0.4	20	0.05	953	500	0	500	0	0	1	0
0.4	20	0.05	954	500	0	500	0	0	1	0
0.4	20	0.05	955	500	0	500	0	0	1	0
0.4	20	0.05	956	500	0	500	0	0	1	0
0.4	20	0.05	957	500	0	500	0	0	1	0
0.4	20	0.05	958	500	0	500	0	0	1	0
0.4	20	0.05	959	500	0	500	0	0	1	0
0.4	20	0.05	960	500	0	500	0	0	1	0
0.4	20	0.05	961	500	0	500	0	0	1	0
0.4	20	0.05	962	500	0	500	0	0	1	0
0.4	20	0.05	963	500	0	500	0	0	1	0
0.4	20	0.05	964	500	0	500	0	0	1	0
0.4	20	0.05	965	500	0	500	0	0	1	0
0.4	20	0.05	966	500	0	500	0	0	1	0
0.4	20	0.05	967	500	0	500	0	0	1	0
0.4	20	0.05	968	500	0	500	0	0	1	0
0.4	20	0.05	969	500	0	500	0	0	1	0
0.4	20	0.05	970	500	0	500	0	0	1	0
0.4	20	0.05	971	500	0	500	0	0	1	0
0.4	20	0.05	972	500	0	500	0	0	1	0
0.4	20	0.05	973	500	0	500	0	0	1	0
0.4	20	0.05	974	500	0	500	0	0	1	0
0.4	20	0.05	975	500	0	500	0	0	1	0
0.4	20	0.05	976	500	0	500	0	0	1	0
0.4	20	0.05	977	500	0	500	0	0	1	0
0.4	20	0.05	978	500	0	500	0	0	1	0
0.4	20	0.05	979	500	0	500	0	0	1	0
0.4	20	0.05	980	500	0	500	0	0	1	0
0.4	20	0.05	981	500	0	500	0	0	1	0
0.4	20	0.05	982	500	0	500	0	0	1	0
0.4	20	0.05	983	500	0	500	0	0	1	0
0.4	20	0.05	984	500	0	500	0	0	1	0
0.4	20	0.05	985	500	0	500	0	0	1	0
0.4	20	0.05	986	500	0	500	0	0	1	0
0.4	20	0.05	987	500	0	500	0	0	1	0
0.4	20	0.05	988	500	0	500	0	0	1	0
0.4	20	0.05	989	500	0	500	0	0	1	0
0.4	20	0.05	990	500	0	500	0	0	1	0
0.4	20	0.05	991	500	0	500	0	0	1	0
0.4	20	0.05	992	500	0	500	0	0	1	0
0.4	20	0.05	993	500	0	500	0	0	1	0
0.4	20	0.05	994	500	0	500	0	0	1	0
0.4	20	0.05	995	500	0	500	0	0	1	0
0.4	20	0.05	996	500	0	500	0	0	1	0
0.4	20	0.05	997	500	0	500	0	0	1	0
0.4	20	0.05	998	500	0	500	0	0	1	0
0.4	20	0.05	999	500	0	500	0	0	1	0
0.4	20	0.05	1000	500	0	500	0	0	1	0
