"trueDelta"	"eCrit_upper"	"eCrit_lower"	"n"	"n_reps"	"h1_n"	"h0_n"	"ind_n"	"h1_prob"	"h0_prob"	"ind_prob"
0.1	20	0.05	2	500	0	0	500	0	0	1
0.1	20	0.05	3	500	0	0	500	0	0	1
0.1	20	0.05	4	500	0	0	500	0	0	1
0.1	20	0.05	5	500	0	0	500	0	0	1
0.1	20	0.05	6	500	0	0	500	0	0	1
0.1	20	0.05	7	500	0	0	500	0	0	1
0.1	20	0.05	8	500	0	3	497	0	0.006	0.994
0.1	20	0.05	9	500	0	7	493	0	0.014	0.986
0.1	20	0.05	10	500	1	17	482	0.002	0.034	0.964
0.1	20	0.05	11	500	1	19	480	0.002	0.038	0.96
0.1	20	0.05	12	500	5	20	475	0.01	0.04	0.95
0.1	20	0.05	13	500	1	32	467	0.002	0.064	0.934
0.1	20	0.05	14	500	3	35	462	0.006	0.07	0.924
0.1	20	0.05	15	500	3	50	447	0.006	0.1	0.894
0.1	20	0.05	16	500	3	71	426	0.006	0.142	0.852
0.1	20	0.05	17	500	2	57	441	0.004	0.114	0.882
0.1	20	0.05	18	500	3	70	427	0.006	0.14	0.854
0.1	20	0.05	19	500	7	91	402	0.014	0.182	0.804
0.1	20	0.05	20	500	5	91	404	0.01	0.182	0.808
0.1	20	0.05	21	500	7	101	392	0.014	0.202	0.784
0.1	20	0.05	22	500	8	105	387	0.016	0.21	0.774
0.1	20	0.05	23	500	9	131	360	0.018	0.262	0.72
0.1	20	0.05	24	500	8	111	381	0.016	0.222	0.762
0.1	20	0.05	25	500	8	130	362	0.016	0.26	0.724
0.1	20	0.05	26	500	12	139	349	0.024	0.278	0.698
0.1	20	0.05	27	500	10	128	362	0.02	0.256	0.724
0.1	20	0.05	28	500	10	153	337	0.02	0.306	0.674
0.1	20	0.05	29	500	6	144	350	0.012	0.288	0.7
0.1	20	0.05	30	500	8	152	340	0.016	0.304	0.68
0.1	20	0.05	31	500	10	176	314	0.02	0.352	0.628
0.1	20	0.05	32	500	12	142	346	0.024	0.284	0.692
0.1	20	0.05	33	500	15	190	295	0.03	0.38	0.59
0.1	20	0.05	34	500	14	166	320	0.028	0.332	0.64
0.1	20	0.05	35	500	13	185	302	0.026	0.37	0.604
0.1	20	0.05	36	500	14	206	280	0.028	0.412	0.56
0.1	20	0.05	37	500	11	192	297	0.022	0.384	0.594
0.1	20	0.05	38	500	12	177	311	0.024	0.354	0.622
0.1	20	0.05	39	500	13	194	293	0.026	0.388	0.586
0.1	20	0.05	40	500	14	224	262	0.028	0.448	0.524
0.1	20	0.05	41	500	16	226	258	0.032	0.452	0.516
0.1	20	0.05	42	500	13	205	282	0.026	0.41	0.564
0.1	20	0.05	43	500	12	220	268	0.024	0.44	0.536
0.1	20	0.05	44	500	15	233	252	0.03	0.466	0.504
0.1	20	0.05	45	500	10	225	265	0.02	0.45	0.53
0.1	20	0.05	46	500	13	237	250	0.026	0.474	0.5
0.1	20	0.05	47	500	7	240	253	0.014	0.48	0.506
0.1	20	0.05	48	500	12	237	251	0.024	0.474	0.502
0.1	20	0.05	49	500	18	255	227	0.036	0.51	0.454
0.1	20	0.05	50	500	18	239	243	0.036	0.478	0.486
0.1	20	0.05	51	500	8	258	234	0.016	0.516	0.468
0.1	20	0.05	52	500	17	240	243	0.034	0.48	0.486
0.1	20	0.05	53	500	11	238	251	0.022	0.476	0.502
0.1	20	0.05	54	500	6	274	220	0.012	0.548	0.44
0.1	20	0.05	55	500	9	272	219	0.018	0.544	0.438
0.1	20	0.05	56	500	4	276	220	0.008	0.552	0.44
0.1	20	0.05	57	500	10	283	207	0.02	0.566	0.414
0.1	20	0.05	58	500	7	270	223	0.014	0.54	0.446
0.1	20	0.05	59	500	16	263	221	0.032	0.526	0.442
0.1	20	0.05	60	500	7	287	206	0.014	0.574	0.412
0.1	20	0.05	61	500	9	290	201	0.018	0.58	0.402
0.1	20	0.05	62	500	9	293	198	0.018	0.586	0.396
0.1	20	0.05	63	500	10	305	185	0.02	0.61	0.37
0.1	20	0.05	64	500	9	293	198	0.018	0.586	0.396
0.1	20	0.05	65	500	10	287	203	0.02	0.574	0.406
0.1	20	0.05	66	500	11	303	186	0.022	0.606	0.372
0.1	20	0.05	67	500	4	298	198	0.008	0.596	0.396
0.1	20	0.05	68	500	18	298	184	0.036	0.596	0.368
0.1	20	0.05	69	500	17	319	164	0.034	0.638	0.328
0.1	20	0.05	70	500	11	320	169	0.022	0.64	0.338
0.1	20	0.05	71	500	9	312	179	0.018	0.624	0.358
0.1	20	0.05	72	500	9	310	181	0.018	0.62	0.362
0.1	20	0.05	73	500	14	338	148	0.028	0.676	0.296
0.1	20	0.05	74	500	9	329	162	0.018	0.658	0.324
0.1	20	0.05	75	500	3	327	170	0.006	0.654	0.34
0.1	20	0.05	76	500	10	325	165	0.02	0.65	0.33
0.1	20	0.05	77	500	11	335	154	0.022	0.67	0.308
0.1	20	0.05	78	500	16	333	151	0.032	0.666	0.302
0.1	20	0.05	79	500	7	330	163	0.014	0.66	0.326
0.1	20	0.05	80	500	12	341	147	0.024	0.682	0.294
0.1	20	0.05	81	500	6	348	146	0.012	0.696	0.292
0.1	20	0.05	82	500	10	351	139	0.02	0.702	0.278
0.1	20	0.05	83	500	12	336	152	0.024	0.672	0.304
0.1	20	0.05	84	500	10	339	151	0.02	0.678	0.302
0.1	20	0.05	85	500	13	337	150	0.026	0.674	0.3
0.1	20	0.05	86	500	9	331	160	0.018	0.662	0.32
0.1	20	0.05	87	500	12	355	133	0.024	0.71	0.266
0.1	20	0.05	88	500	11	352	137	0.022	0.704	0.274
0.1	20	0.05	89	500	11	348	141	0.022	0.696	0.282
0.1	20	0.05	90	500	10	357	133	0.02	0.714	0.266
0.1	20	0.05	91	500	10	368	122	0.02	0.736	0.244
0.1	20	0.05	92	500	14	368	118	0.028	0.736	0.236
0.1	20	0.05	93	500	5	374	121	0.01	0.748	0.242
0.1	20	0.05	94	500	10	357	133	0.02	0.714	0.266
0.1	20	0.05	95	500	10	385	105	0.02	0.77	0.21
0.1	20	0.05	96	500	9	378	113	0.018	0.756	0.226
0.1	20	0.05	97	500	15	357	128	0.03	0.714	0.256
0.1	20	0.05	98	500	6	365	129	0.012	0.73	0.258
0.1	20	0.05	99	500	10	383	107	0.02	0.766	0.214
0.1	20	0.05	100	500	12	376	112	0.024	0.752	0.224
0.1	20	0.05	101	500	11	378	111	0.022	0.756	0.222
0.1	20	0.05	102	500	11	385	104	0.022	0.77	0.208
0.1	20	0.05	103	500	13	384	103	0.026	0.768	0.206
0.1	20	0.05	104	500	12	387	101	0.024	0.774	0.202
0.1	20	0.05	105	500	8	392	100	0.016	0.784	0.2
0.1	20	0.05	106	500	7	395	98	0.014	0.79	0.196
0.1	20	0.05	107	500	13	383	104	0.026	0.766	0.208
0.1	20	0.05	108	500	6	403	91	0.012	0.806	0.182
0.1	20	0.05	109	500	8	395	97	0.016	0.79	0.194
0.1	20	0.05	110	500	10	382	108	0.02	0.764	0.216
0.1	20	0.05	111	500	6	403	91	0.012	0.806	0.182
0.1	20	0.05	112	500	9	394	97	0.018	0.788	0.194
0.1	20	0.05	113	500	8	401	91	0.016	0.802	0.182
0.1	20	0.05	114	500	9	399	92	0.018	0.798	0.184
0.1	20	0.05	115	500	9	390	101	0.018	0.78	0.202
0.1	20	0.05	116	500	4	398	98	0.008	0.796	0.196
0.1	20	0.05	117	500	10	405	85	0.02	0.81	0.17
0.1	20	0.05	118	500	5	390	105	0.01	0.78	0.21
0.1	20	0.05	119	500	6	412	82	0.012	0.824	0.164
0.1	20	0.05	120	500	9	419	72	0.018	0.838	0.144
0.1	20	0.05	121	500	6	406	88	0.012	0.812	0.176
0.1	20	0.05	122	500	4	407	89	0.008	0.814	0.178
0.1	20	0.05	123	500	5	426	69	0.01	0.852	0.138
0.1	20	0.05	124	500	6	418	76	0.012	0.836	0.152
0.1	20	0.05	125	500	12	402	86	0.024	0.804	0.172
0.1	20	0.05	126	500	7	429	64	0.014	0.858	0.128
0.1	20	0.05	127	500	5	410	85	0.01	0.82	0.17
0.1	20	0.05	128	500	5	416	79	0.01	0.832	0.158
0.1	20	0.05	129	500	6	428	66	0.012	0.856	0.132
0.1	20	0.05	130	500	5	418	77	0.01	0.836	0.154
0.1	20	0.05	131	500	7	428	65	0.014	0.856	0.13
0.1	20	0.05	132	500	10	417	73	0.02	0.834	0.146
0.1	20	0.05	133	500	5	426	69	0.01	0.852	0.138
0.1	20	0.05	134	500	8	422	70	0.016	0.844	0.14
0.1	20	0.05	135	500	12	414	74	0.024	0.828	0.148
0.1	20	0.05	136	500	9	419	72	0.018	0.838	0.144
0.1	20	0.05	137	500	4	420	76	0.008	0.84	0.152
0.1	20	0.05	138	500	4	423	73	0.008	0.846	0.146
0.1	20	0.05	139	500	4	426	70	0.008	0.852	0.14
0.1	20	0.05	140	500	9	432	59	0.018	0.864	0.118
0.1	20	0.05	141	500	4	431	65	0.008	0.862	0.13
0.1	20	0.05	142	500	8	436	56	0.016	0.872	0.112
0.1	20	0.05	143	500	8	435	57	0.016	0.87	0.114
0.1	20	0.05	144	500	3	433	64	0.006	0.866	0.128
0.1	20	0.05	145	500	2	432	66	0.004	0.864	0.132
0.1	20	0.05	146	500	6	435	59	0.012	0.87	0.118
0.1	20	0.05	147	500	5	439	56	0.01	0.878	0.112
0.1	20	0.05	148	500	7	439	54	0.014	0.878	0.108
0.1	20	0.05	149	500	4	432	64	0.008	0.864	0.128
0.1	20	0.05	150	500	6	439	55	0.012	0.878	0.11
0.1	20	0.05	151	500	8	427	65	0.016	0.854	0.13
0.1	20	0.05	152	500	3	449	48	0.006	0.898	0.096
0.1	20	0.05	153	500	1	431	68	0.002	0.862	0.136
0.1	20	0.05	154	500	6	428	66	0.012	0.856	0.132
0.1	20	0.05	155	500	8	432	60	0.016	0.864	0.12
0.1	20	0.05	156	500	4	437	59	0.008	0.874	0.118
0.1	20	0.05	157	500	7	435	58	0.014	0.87	0.116
0.1	20	0.05	158	500	2	433	65	0.004	0.866	0.13
0.1	20	0.05	159	500	5	442	53	0.01	0.884	0.106
0.1	20	0.05	160	500	3	449	48	0.006	0.898	0.096
0.1	20	0.05	161	500	4	439	57	0.008	0.878	0.114
0.1	20	0.05	162	500	9	441	50	0.018	0.882	0.1
0.1	20	0.05	163	500	2	439	59	0.004	0.878	0.118
0.1	20	0.05	164	500	4	448	48	0.008	0.896	0.096
0.1	20	0.05	165	500	3	443	54	0.006	0.886	0.108
0.1	20	0.05	166	500	5	445	50	0.01	0.89	0.1
0.1	20	0.05	167	500	3	434	63	0.006	0.868	0.126
0.1	20	0.05	168	500	3	450	47	0.006	0.9	0.094
0.1	20	0.05	169	500	6	447	47	0.012	0.894	0.094
0.1	20	0.05	170	500	6	465	29	0.012	0.93	0.058
0.1	20	0.05	171	500	3	462	35	0.006	0.924	0.07
0.1	20	0.05	172	500	3	445	52	0.006	0.89	0.104
0.1	20	0.05	173	500	3	455	42	0.006	0.91	0.084
0.1	20	0.05	174	500	3	454	43	0.006	0.908	0.086
0.1	20	0.05	175	500	4	444	52	0.008	0.888	0.104
0.1	20	0.05	176	500	7	441	52	0.014	0.882	0.104
0.1	20	0.05	177	500	6	448	46	0.012	0.896	0.092
0.1	20	0.05	178	500	3	442	55	0.006	0.884	0.11
0.1	20	0.05	179	500	8	451	41	0.016	0.902	0.082
0.1	20	0.05	180	500	3	454	43	0.006	0.908	0.086
0.1	20	0.05	181	500	3	471	26	0.006	0.942	0.052
0.1	20	0.05	182	500	4	459	37	0.008	0.918	0.074
0.1	20	0.05	183	500	4	457	39	0.008	0.914	0.078
0.1	20	0.05	184	500	1	475	24	0.002	0.95	0.048
0.1	20	0.05	185	500	4	464	32	0.008	0.928	0.064
0.1	20	0.05	186	500	4	473	23	0.008	0.946	0.046
0.1	20	0.05	187	500	5	459	36	0.01	0.918	0.072
0.1	20	0.05	188	500	3	463	34	0.006	0.926	0.068
0.1	20	0.05	189	500	2	467	31	0.004	0.934	0.062
0.1	20	0.05	190	500	4	457	39	0.008	0.914	0.078
0.1	20	0.05	191	500	2	456	42	0.004	0.912	0.084
0.1	20	0.05	192	500	5	464	31	0.01	0.928	0.062
0.1	20	0.05	193	500	4	461	35	0.008	0.922	0.07
0.1	20	0.05	194	500	3	467	30	0.006	0.934	0.06
0.1	20	0.05	195	500	2	466	32	0.004	0.932	0.064
0.1	20	0.05	196	500	6	467	27	0.012	0.934	0.054
0.1	20	0.05	197	500	2	460	38	0.004	0.92	0.076
0.1	20	0.05	198	500	4	459	37	0.008	0.918	0.074
0.1	20	0.05	199	500	0	471	29	0	0.942	0.058
0.1	20	0.05	200	500	2	468	30	0.004	0.936	0.06
0.1	20	0.05	201	500	3	471	26	0.006	0.942	0.052
0.1	20	0.05	202	500	3	466	31	0.006	0.932	0.062
0.1	20	0.05	203	500	4	466	30	0.008	0.932	0.06
0.1	20	0.05	204	500	3	472	25	0.006	0.944	0.05
0.1	20	0.05	205	500	5	458	37	0.01	0.916	0.074
0.1	20	0.05	206	500	4	466	30	0.008	0.932	0.06
0.1	20	0.05	207	500	5	474	21	0.01	0.948	0.042
0.1	20	0.05	208	500	5	465	30	0.01	0.93	0.06
0.1	20	0.05	209	500	2	464	34	0.004	0.928	0.068
0.1	20	0.05	210	500	6	466	28	0.012	0.932	0.056
0.1	20	0.05	211	500	3	463	34	0.006	0.926	0.068
0.1	20	0.05	212	500	5	461	34	0.01	0.922	0.068
0.1	20	0.05	213	500	1	466	33	0.002	0.932	0.066
0.1	20	0.05	214	500	4	467	29	0.008	0.934	0.058
0.1	20	0.05	215	500	2	464	34	0.004	0.928	0.068
0.1	20	0.05	216	500	4	467	29	0.008	0.934	0.058
0.1	20	0.05	217	500	3	473	24	0.006	0.946	0.048
0.1	20	0.05	218	500	2	466	32	0.004	0.932	0.064
0.1	20	0.05	219	500	1	483	16	0.002	0.966	0.032
0.1	20	0.05	220	500	5	475	20	0.01	0.95	0.04
0.1	20	0.05	221	500	3	479	18	0.006	0.958	0.036
0.1	20	0.05	222	500	2	467	31	0.004	0.934	0.062
0.1	20	0.05	223	500	0	468	32	0	0.936	0.064
0.1	20	0.05	224	500	2	467	31	0.004	0.934	0.062
0.1	20	0.05	225	500	3	485	12	0.006	0.97	0.024
0.1	20	0.05	226	500	3	469	28	0.006	0.938	0.056
0.1	20	0.05	227	500	1	477	22	0.002	0.954	0.044
0.1	20	0.05	228	500	6	468	26	0.012	0.936	0.052
0.1	20	0.05	229	500	1	478	21	0.002	0.956	0.042
0.1	20	0.05	230	500	2	478	20	0.004	0.956	0.04
0.1	20	0.05	231	500	0	479	21	0	0.958	0.042
0.1	20	0.05	232	500	2	481	17	0.004	0.962	0.034
0.1	20	0.05	233	500	4	485	11	0.008	0.97	0.022
0.1	20	0.05	234	500	2	483	15	0.004	0.966	0.03
0.1	20	0.05	235	500	4	469	27	0.008	0.938	0.054
0.1	20	0.05	236	500	3	482	15	0.006	0.964	0.03
0.1	20	0.05	237	500	7	469	24	0.014	0.938	0.048
0.1	20	0.05	238	500	1	481	18	0.002	0.962	0.036
0.1	20	0.05	239	500	1	478	21	0.002	0.956	0.042
0.1	20	0.05	240	500	1	480	19	0.002	0.96	0.038
0.1	20	0.05	241	500	1	481	18	0.002	0.962	0.036
0.1	20	0.05	242	500	2	482	16	0.004	0.964	0.032
0.1	20	0.05	243	500	2	479	19	0.004	0.958	0.038
0.1	20	0.05	244	500	1	480	19	0.002	0.96	0.038
0.1	20	0.05	245	500	1	487	12	0.002	0.974	0.024
0.1	20	0.05	246	500	3	477	20	0.006	0.954	0.04
0.1	20	0.05	247	500	2	482	16	0.004	0.964	0.032
0.1	20	0.05	248	500	6	471	23	0.012	0.942	0.046
0.1	20	0.05	249	500	4	482	14	0.008	0.964	0.028
0.1	20	0.05	250	500	1	484	15	0.002	0.968	0.03
0.1	20	0.05	251	500	1	481	18	0.002	0.962	0.036
0.1	20	0.05	252	500	0	482	18	0	0.964	0.036
0.1	20	0.05	253	500	1	473	26	0.002	0.946	0.052
0.1	20	0.05	254	500	1	485	14	0.002	0.97	0.028
0.1	20	0.05	255	500	1	479	20	0.002	0.958	0.04
0.1	20	0.05	256	500	8	479	13	0.016	0.958	0.026
0.1	20	0.05	257	500	4	479	17	0.008	0.958	0.034
0.1	20	0.05	258	500	0	483	17	0	0.966	0.034
0.1	20	0.05	259	500	2	482	16	0.004	0.964	0.032
0.1	20	0.05	260	500	3	480	17	0.006	0.96	0.034
0.1	20	0.05	261	500	1	477	22	0.002	0.954	0.044
0.1	20	0.05	262	500	4	483	13	0.008	0.966	0.026
0.1	20	0.05	263	500	3	479	18	0.006	0.958	0.036
0.1	20	0.05	264	500	2	484	14	0.004	0.968	0.028
0.1	20	0.05	265	500	2	488	10	0.004	0.976	0.02
0.1	20	0.05	266	500	1	490	9	0.002	0.98	0.018
0.1	20	0.05	267	500	0	489	11	0	0.978	0.022
0.1	20	0.05	268	500	2	491	7	0.004	0.982	0.014
0.1	20	0.05	269	500	1	483	16	0.002	0.966	0.032
0.1	20	0.05	270	500	0	484	16	0	0.968	0.032
0.1	20	0.05	271	500	1	491	8	0.002	0.982	0.016
0.1	20	0.05	272	500	1	488	11	0.002	0.976	0.022
0.1	20	0.05	273	500	2	483	15	0.004	0.966	0.03
0.1	20	0.05	274	500	3	484	13	0.006	0.968	0.026
0.1	20	0.05	275	500	2	488	10	0.004	0.976	0.02
0.1	20	0.05	276	500	1	485	14	0.002	0.97	0.028
0.1	20	0.05	277	500	1	483	16	0.002	0.966	0.032
0.1	20	0.05	278	500	3	478	19	0.006	0.956	0.038
0.1	20	0.05	279	500	1	487	12	0.002	0.974	0.024
0.1	20	0.05	280	500	2	490	8	0.004	0.98	0.016
0.1	20	0.05	281	500	0	488	12	0	0.976	0.024
0.1	20	0.05	282	500	2	481	17	0.004	0.962	0.034
0.1	20	0.05	283	500	2	485	13	0.004	0.97	0.026
0.1	20	0.05	284	500	2	485	13	0.004	0.97	0.026
0.1	20	0.05	285	500	0	484	16	0	0.968	0.032
0.1	20	0.05	286	500	1	488	11	0.002	0.976	0.022
0.1	20	0.05	287	500	0	491	9	0	0.982	0.018
0.1	20	0.05	288	500	1	484	15	0.002	0.968	0.03
0.1	20	0.05	289	500	0	487	13	0	0.974	0.026
0.1	20	0.05	290	500	2	487	11	0.004	0.974	0.022
0.1	20	0.05	291	500	6	484	10	0.012	0.968	0.02
0.1	20	0.05	292	500	0	494	6	0	0.988	0.012
0.1	20	0.05	293	500	2	488	10	0.004	0.976	0.02
0.1	20	0.05	294	500	0	490	10	0	0.98	0.02
0.1	20	0.05	295	500	4	482	14	0.008	0.964	0.028
0.1	20	0.05	296	500	0	485	15	0	0.97	0.03
0.1	20	0.05	297	500	5	487	8	0.01	0.974	0.016
0.1	20	0.05	298	500	1	496	3	0.002	0.992	0.006
0.1	20	0.05	299	500	0	487	13	0	0.974	0.026
0.1	20	0.05	300	500	0	487	13	0	0.974	0.026
0.1	20	0.05	301	500	0	490	10	0	0.98	0.02
0.1	20	0.05	302	500	1	493	6	0.002	0.986	0.012
0.1	20	0.05	303	500	0	491	9	0	0.982	0.018
0.1	20	0.05	304	500	1	487	12	0.002	0.974	0.024
0.1	20	0.05	305	500	2	494	4	0.004	0.988	0.008
0.1	20	0.05	306	500	1	490	9	0.002	0.98	0.018
0.1	20	0.05	307	500	2	494	4	0.004	0.988	0.008
0.1	20	0.05	308	500	0	489	11	0	0.978	0.022
0.1	20	0.05	309	500	4	486	10	0.008	0.972	0.02
0.1	20	0.05	310	500	1	488	11	0.002	0.976	0.022
0.1	20	0.05	311	500	1	493	6	0.002	0.986	0.012
0.1	20	0.05	312	500	2	490	8	0.004	0.98	0.016
0.1	20	0.05	313	500	2	489	9	0.004	0.978	0.018
0.1	20	0.05	314	500	0	488	12	0	0.976	0.024
0.1	20	0.05	315	500	2	490	8	0.004	0.98	0.016
0.1	20	0.05	316	500	3	491	6	0.006	0.982	0.012
0.1	20	0.05	317	500	0	496	4	0	0.992	0.008
0.1	20	0.05	318	500	1	493	6	0.002	0.986	0.012
0.1	20	0.05	319	500	1	493	6	0.002	0.986	0.012
0.1	20	0.05	320	500	1	487	12	0.002	0.974	0.024
0.1	20	0.05	321	500	1	492	7	0.002	0.984	0.014
0.1	20	0.05	322	500	3	491	6	0.006	0.982	0.012
0.1	20	0.05	323	500	0	493	7	0	0.986	0.014
0.1	20	0.05	324	500	0	493	7	0	0.986	0.014
0.1	20	0.05	325	500	0	491	9	0	0.982	0.018
0.1	20	0.05	326	500	0	495	5	0	0.99	0.01
0.1	20	0.05	327	500	0	487	13	0	0.974	0.026
0.1	20	0.05	328	500	0	487	13	0	0.974	0.026
0.1	20	0.05	329	500	1	495	4	0.002	0.99	0.008
0.1	20	0.05	330	500	2	491	7	0.004	0.982	0.014
0.1	20	0.05	331	500	1	492	7	0.002	0.984	0.014
0.1	20	0.05	332	500	2	494	4	0.004	0.988	0.008
0.1	20	0.05	333	500	1	492	7	0.002	0.984	0.014
0.1	20	0.05	334	500	0	497	3	0	0.994	0.006
0.1	20	0.05	335	500	1	497	2	0.002	0.994	0.004
0.1	20	0.05	336	500	2	491	7	0.004	0.982	0.014
0.1	20	0.05	337	500	0	485	15	0	0.97	0.03
0.1	20	0.05	338	500	3	492	5	0.006	0.984	0.01
0.1	20	0.05	339	500	0	494	6	0	0.988	0.012
0.1	20	0.05	340	500	0	495	5	0	0.99	0.01
0.1	20	0.05	341	500	0	494	6	0	0.988	0.012
0.1	20	0.05	342	500	2	492	6	0.004	0.984	0.012
0.1	20	0.05	343	500	0	496	4	0	0.992	0.008
0.1	20	0.05	344	500	0	495	5	0	0.99	0.01
0.1	20	0.05	345	500	0	496	4	0	0.992	0.008
0.1	20	0.05	346	500	0	490	10	0	0.98	0.02
0.1	20	0.05	347	500	2	493	5	0.004	0.986	0.01
0.1	20	0.05	348	500	1	491	8	0.002	0.982	0.016
0.1	20	0.05	349	500	0	496	4	0	0.992	0.008
0.1	20	0.05	350	500	0	493	7	0	0.986	0.014
0.1	20	0.05	351	500	2	494	4	0.004	0.988	0.008
0.1	20	0.05	352	500	1	496	3	0.002	0.992	0.006
0.1	20	0.05	353	500	0	497	3	0	0.994	0.006
0.1	20	0.05	354	500	1	493	6	0.002	0.986	0.012
0.1	20	0.05	355	500	1	492	7	0.002	0.984	0.014
0.1	20	0.05	356	500	0	496	4	0	0.992	0.008
0.1	20	0.05	357	500	1	496	3	0.002	0.992	0.006
0.1	20	0.05	358	500	1	498	1	0.002	0.996	0.002
0.1	20	0.05	359	500	0	495	5	0	0.99	0.01
0.1	20	0.05	360	500	1	492	7	0.002	0.984	0.014
0.1	20	0.05	361	500	0	496	4	0	0.992	0.008
0.1	20	0.05	362	500	1	495	4	0.002	0.99	0.008
0.1	20	0.05	363	500	0	494	6	0	0.988	0.012
0.1	20	0.05	364	500	0	496	4	0	0.992	0.008
0.1	20	0.05	365	500	0	493	7	0	0.986	0.014
0.1	20	0.05	366	500	0	496	4	0	0.992	0.008
0.1	20	0.05	367	500	0	499	1	0	0.998	0.002
0.1	20	0.05	368	500	0	492	8	0	0.984	0.016
0.1	20	0.05	369	500	0	496	4	0	0.992	0.008
0.1	20	0.05	370	500	0	492	8	0	0.984	0.016
0.1	20	0.05	371	500	2	493	5	0.004	0.986	0.01
0.1	20	0.05	372	500	0	496	4	0	0.992	0.008
0.1	20	0.05	373	500	1	493	6	0.002	0.986	0.012
0.1	20	0.05	374	500	1	494	5	0.002	0.988	0.01
0.1	20	0.05	375	500	1	494	5	0.002	0.988	0.01
0.1	20	0.05	376	500	0	494	6	0	0.988	0.012
0.1	20	0.05	377	500	1	497	2	0.002	0.994	0.004
0.1	20	0.05	378	500	1	494	5	0.002	0.988	0.01
0.1	20	0.05	379	500	1	493	6	0.002	0.986	0.012
0.1	20	0.05	380	500	1	491	8	0.002	0.982	0.016
0.1	20	0.05	381	500	1	495	4	0.002	0.99	0.008
0.1	20	0.05	382	500	0	495	5	0	0.99	0.01
0.1	20	0.05	383	500	1	498	1	0.002	0.996	0.002
0.1	20	0.05	384	500	0	497	3	0	0.994	0.006
0.1	20	0.05	385	500	1	498	1	0.002	0.996	0.002
0.1	20	0.05	386	500	0	499	1	0	0.998	0.002
0.1	20	0.05	387	500	0	498	2	0	0.996	0.004
0.1	20	0.05	388	500	2	494	4	0.004	0.988	0.008
0.1	20	0.05	389	500	0	496	4	0	0.992	0.008
0.1	20	0.05	390	500	1	496	3	0.002	0.992	0.006
0.1	20	0.05	391	500	0	494	6	0	0.988	0.012
0.1	20	0.05	392	500	0	495	5	0	0.99	0.01
0.1	20	0.05	393	500	1	497	2	0.002	0.994	0.004
0.1	20	0.05	394	500	1	498	1	0.002	0.996	0.002
0.1	20	0.05	395	500	0	496	4	0	0.992	0.008
0.1	20	0.05	396	500	0	500	0	0	1	0
0.1	20	0.05	397	500	0	499	1	0	0.998	0.002
0.1	20	0.05	398	500	1	491	8	0.002	0.982	0.016
0.1	20	0.05	399	500	0	497	3	0	0.994	0.006
0.1	20	0.05	400	500	2	497	1	0.004	0.994	0.002
0.1	20	0.05	401	500	0	499	1	0	0.998	0.002
0.1	20	0.05	402	500	0	497	3	0	0.994	0.006
0.1	20	0.05	403	500	0	497	3	0	0.994	0.006
0.1	20	0.05	404	500	0	498	2	0	0.996	0.004
0.1	20	0.05	405	500	0	495	5	0	0.99	0.01
0.1	20	0.05	406	500	1	491	8	0.002	0.982	0.016
0.1	20	0.05	407	500	0	498	2	0	0.996	0.004
0.1	20	0.05	408	500	0	500	0	0	1	0
0.1	20	0.05	409	500	0	496	4	0	0.992	0.008
0.1	20	0.05	410	500	0	496	4	0	0.992	0.008
0.1	20	0.05	411	500	1	498	1	0.002	0.996	0.002
0.1	20	0.05	412	500	0	498	2	0	0.996	0.004
0.1	20	0.05	413	500	2	494	4	0.004	0.988	0.008
0.1	20	0.05	414	500	0	499	1	0	0.998	0.002
0.1	20	0.05	415	500	0	496	4	0	0.992	0.008
0.1	20	0.05	416	500	0	498	2	0	0.996	0.004
0.1	20	0.05	417	500	1	499	0	0.002	0.998	0
0.1	20	0.05	418	500	0	499	1	0	0.998	0.002
0.1	20	0.05	419	500	0	500	0	0	1	0
0.1	20	0.05	420	500	0	499	1	0	0.998	0.002
0.1	20	0.05	421	500	0	500	0	0	1	0
0.1	20	0.05	422	500	0	500	0	0	1	0
0.1	20	0.05	423	500	0	500	0	0	1	0
0.1	20	0.05	424	500	0	500	0	0	1	0
0.1	20	0.05	425	500	1	499	0	0.002	0.998	0
0.1	20	0.05	426	500	0	500	0	0	1	0
0.1	20	0.05	427	500	0	500	0	0	1	0
0.1	20	0.05	428	500	0	500	0	0	1	0
0.1	20	0.05	429	500	0	500	0	0	1	0
0.1	20	0.05	430	500	0	500	0	0	1	0
0.1	20	0.05	431	500	0	500	0	0	1	0
0.1	20	0.05	432	500	0	500	0	0	1	0
0.1	20	0.05	433	500	0	500	0	0	1	0
0.1	20	0.05	434	500	0	500	0	0	1	0
0.1	20	0.05	435	500	0	500	0	0	1	0
0.1	20	0.05	436	500	0	500	0	0	1	0
0.1	20	0.05	437	500	0	500	0	0	1	0
0.1	20	0.05	438	500	0	500	0	0	1	0
0.1	20	0.05	439	500	0	500	0	0	1	0
0.1	20	0.05	440	500	0	500	0	0	1	0
0.1	20	0.05	441	500	0	500	0	0	1	0
0.1	20	0.05	442	500	0	500	0	0	1	0
0.1	20	0.05	443	500	0	500	0	0	1	0
0.1	20	0.05	444	500	0	500	0	0	1	0
0.1	20	0.05	445	500	0	500	0	0	1	0
0.1	20	0.05	446	500	0	500	0	0	1	0
0.1	20	0.05	447	500	0	500	0	0	1	0
0.1	20	0.05	448	500	0	500	0	0	1	0
0.1	20	0.05	449	500	0	500	0	0	1	0
0.1	20	0.05	450	500	0	500	0	0	1	0
0.1	20	0.05	451	500	0	500	0	0	1	0
0.1	20	0.05	452	500	0	500	0	0	1	0
0.1	20	0.05	453	500	0	500	0	0	1	0
0.1	20	0.05	454	500	0	500	0	0	1	0
0.1	20	0.05	455	500	0	500	0	0	1	0
0.1	20	0.05	456	500	0	500	0	0	1	0
0.1	20	0.05	457	500	0	500	0	0	1	0
0.1	20	0.05	458	500	0	500	0	0	1	0
0.1	20	0.05	459	500	0	500	0	0	1	0
0.1	20	0.05	460	500	0	500	0	0	1	0
0.1	20	0.05	461	500	0	500	0	0	1	0
0.1	20	0.05	462	500	0	500	0	0	1	0
0.1	20	0.05	463	500	0	500	0	0	1	0
0.1	20	0.05	464	500	0	500	0	0	1	0
0.1	20	0.05	465	500	0	500	0	0	1	0
0.1	20	0.05	466	500	0	500	0	0	1	0
0.1	20	0.05	467	500	0	500	0	0	1	0
0.1	20	0.05	468	500	0	500	0	0	1	0
0.1	20	0.05	469	500	0	500	0	0	1	0
0.1	20	0.05	470	500	0	500	0	0	1	0
0.1	20	0.05	471	500	0	500	0	0	1	0
0.1	20	0.05	472	500	0	500	0	0	1	0
0.1	20	0.05	473	500	0	500	0	0	1	0
0.1	20	0.05	474	500	0	500	0	0	1	0
0.1	20	0.05	475	500	0	500	0	0	1	0
0.1	20	0.05	476	500	0	500	0	0	1	0
0.1	20	0.05	477	500	0	500	0	0	1	0
0.1	20	0.05	478	500	0	500	0	0	1	0
0.1	20	0.05	479	500	0	500	0	0	1	0
0.1	20	0.05	480	500	0	500	0	0	1	0
0.1	20	0.05	481	500	0	500	0	0	1	0
0.1	20	0.05	482	500	0	500	0	0	1	0
0.1	20	0.05	483	500	0	500	0	0	1	0
0.1	20	0.05	484	500	0	500	0	0	1	0
0.1	20	0.05	485	500	0	500	0	0	1	0
0.1	20	0.05	486	500	0	500	0	0	1	0
0.1	20	0.05	487	500	0	500	0	0	1	0
0.1	20	0.05	488	500	0	500	0	0	1	0
0.1	20	0.05	489	500	0	500	0	0	1	0
0.1	20	0.05	490	500	0	500	0	0	1	0
0.1	20	0.05	491	500	0	500	0	0	1	0
0.1	20	0.05	492	500	0	500	0	0	1	0
0.1	20	0.05	493	500	0	500	0	0	1	0
0.1	20	0.05	494	500	0	500	0	0	1	0
0.1	20	0.05	495	500	0	500	0	0	1	0
0.1	20	0.05	496	500	0	500	0	0	1	0
0.1	20	0.05	497	500	0	500	0	0	1	0
0.1	20	0.05	498	500	0	500	0	0	1	0
0.1	20	0.05	499	500	0	500	0	0	1	0
0.1	20	0.05	500	500	0	500	0	0	1	0
0.1	20	0.05	501	500	0	500	0	0	1	0
0.1	20	0.05	502	500	0	500	0	0	1	0
0.1	20	0.05	503	500	0	500	0	0	1	0
0.1	20	0.05	504	500	0	500	0	0	1	0
0.1	20	0.05	505	500	0	500	0	0	1	0
0.1	20	0.05	506	500	0	500	0	0	1	0
0.1	20	0.05	507	500	0	500	0	0	1	0
0.1	20	0.05	508	500	0	500	0	0	1	0
0.1	20	0.05	509	500	0	500	0	0	1	0
0.1	20	0.05	510	500	0	500	0	0	1	0
0.1	20	0.05	511	500	0	500	0	0	1	0
0.1	20	0.05	512	500	0	500	0	0	1	0
0.1	20	0.05	513	500	0	500	0	0	1	0
0.1	20	0.05	514	500	0	500	0	0	1	0
0.1	20	0.05	515	500	0	500	0	0	1	0
0.1	20	0.05	516	500	0	500	0	0	1	0
0.1	20	0.05	517	500	0	500	0	0	1	0
0.1	20	0.05	518	500	0	500	0	0	1	0
0.1	20	0.05	519	500	0	500	0	0	1	0
0.1	20	0.05	520	500	0	500	0	0	1	0
0.1	20	0.05	521	500	0	500	0	0	1	0
0.1	20	0.05	522	500	0	500	0	0	1	0
0.1	20	0.05	523	500	0	500	0	0	1	0
0.1	20	0.05	524	500	0	500	0	0	1	0
0.1	20	0.05	525	500	0	500	0	0	1	0
0.1	20	0.05	526	500	0	500	0	0	1	0
0.1	20	0.05	527	500	0	500	0	0	1	0
0.1	20	0.05	528	500	0	500	0	0	1	0
0.1	20	0.05	529	500	0	500	0	0	1	0
0.1	20	0.05	530	500	0	500	0	0	1	0
0.1	20	0.05	531	500	0	500	0	0	1	0
0.1	20	0.05	532	500	0	500	0	0	1	0
0.1	20	0.05	533	500	0	500	0	0	1	0
0.1	20	0.05	534	500	0	500	0	0	1	0
0.1	20	0.05	535	500	0	500	0	0	1	0
0.1	20	0.05	536	500	0	500	0	0	1	0
0.1	20	0.05	537	500	0	500	0	0	1	0
0.1	20	0.05	538	500	0	500	0	0	1	0
0.1	20	0.05	539	500	0	500	0	0	1	0
0.1	20	0.05	540	500	0	500	0	0	1	0
0.1	20	0.05	541	500	0	500	0	0	1	0
0.1	20	0.05	542	500	0	500	0	0	1	0
0.1	20	0.05	543	500	0	500	0	0	1	0
0.1	20	0.05	544	500	0	500	0	0	1	0
0.1	20	0.05	545	500	0	500	0	0	1	0
0.1	20	0.05	546	500	0	500	0	0	1	0
0.1	20	0.05	547	500	0	500	0	0	1	0
0.1	20	0.05	548	500	0	500	0	0	1	0
0.1	20	0.05	549	500	0	500	0	0	1	0
0.1	20	0.05	550	500	0	500	0	0	1	0
0.1	20	0.05	551	500	0	500	0	0	1	0
0.1	20	0.05	552	500	0	500	0	0	1	0
0.1	20	0.05	553	500	0	500	0	0	1	0
0.1	20	0.05	554	500	0	500	0	0	1	0
0.1	20	0.05	555	500	0	500	0	0	1	0
0.1	20	0.05	556	500	0	500	0	0	1	0
0.1	20	0.05	557	500	0	500	0	0	1	0
0.1	20	0.05	558	500	0	500	0	0	1	0
0.1	20	0.05	559	500	0	500	0	0	1	0
0.1	20	0.05	560	500	0	500	0	0	1	0
0.1	20	0.05	561	500	0	500	0	0	1	0
0.1	20	0.05	562	500	0	500	0	0	1	0
0.1	20	0.05	563	500	0	500	0	0	1	0
0.1	20	0.05	564	500	0	500	0	0	1	0
0.1	20	0.05	565	500	0	500	0	0	1	0
0.1	20	0.05	566	500	0	500	0	0	1	0
0.1	20	0.05	567	500	0	500	0	0	1	0
0.1	20	0.05	568	500	0	500	0	0	1	0
0.1	20	0.05	569	500	0	500	0	0	1	0
0.1	20	0.05	570	500	0	500	0	0	1	0
0.1	20	0.05	571	500	0	500	0	0	1	0
0.1	20	0.05	572	500	0	500	0	0	1	0
0.1	20	0.05	573	500	0	500	0	0	1	0
0.1	20	0.05	574	500	0	500	0	0	1	0
0.1	20	0.05	575	500	0	500	0	0	1	0
0.1	20	0.05	576	500	0	500	0	0	1	0
0.1	20	0.05	577	500	0	500	0	0	1	0
0.1	20	0.05	578	500	0	500	0	0	1	0
0.1	20	0.05	579	500	0	500	0	0	1	0
0.1	20	0.05	580	500	0	500	0	0	1	0
0.1	20	0.05	581	500	0	500	0	0	1	0
0.1	20	0.05	582	500	0	500	0	0	1	0
0.1	20	0.05	583	500	0	500	0	0	1	0
0.1	20	0.05	584	500	0	500	0	0	1	0
0.1	20	0.05	585	500	0	500	0	0	1	0
0.1	20	0.05	586	500	0	500	0	0	1	0
0.1	20	0.05	587	500	0	500	0	0	1	0
0.1	20	0.05	588	500	0	500	0	0	1	0
0.1	20	0.05	589	500	0	500	0	0	1	0
0.1	20	0.05	590	500	0	500	0	0	1	0
0.1	20	0.05	591	500	0	500	0	0	1	0
0.1	20	0.05	592	500	0	500	0	0	1	0
0.1	20	0.05	593	500	0	500	0	0	1	0
0.1	20	0.05	594	500	0	500	0	0	1	0
0.1	20	0.05	595	500	0	500	0	0	1	0
0.1	20	0.05	596	500	0	500	0	0	1	0
0.1	20	0.05	597	500	0	500	0	0	1	0
0.1	20	0.05	598	500	0	500	0	0	1	0
0.1	20	0.05	599	500	0	500	0	0	1	0
0.1	20	0.05	600	500	0	500	0	0	1	0
0.1	20	0.05	601	500	0	500	0	0	1	0
0.1	20	0.05	602	500	0	500	0	0	1	0
0.1	20	0.05	603	500	0	500	0	0	1	0
0.1	20	0.05	604	500	0	500	0	0	1	0
0.1	20	0.05	605	500	0	500	0	0	1	0
0.1	20	0.05	606	500	0	500	0	0	1	0
0.1	20	0.05	607	500	0	500	0	0	1	0
0.1	20	0.05	608	500	0	500	0	0	1	0
0.1	20	0.05	609	500	0	500	0	0	1	0
0.1	20	0.05	610	500	0	500	0	0	1	0
0.1	20	0.05	611	500	0	500	0	0	1	0
0.1	20	0.05	612	500	0	500	0	0	1	0
0.1	20	0.05	613	500	0	500	0	0	1	0
0.1	20	0.05	614	500	0	500	0	0	1	0
0.1	20	0.05	615	500	0	500	0	0	1	0
0.1	20	0.05	616	500	0	500	0	0	1	0
0.1	20	0.05	617	500	0	500	0	0	1	0
0.1	20	0.05	618	500	0	500	0	0	1	0
0.1	20	0.05	619	500	0	500	0	0	1	0
0.1	20	0.05	620	500	0	500	0	0	1	0
0.1	20	0.05	621	500	0	500	0	0	1	0
0.1	20	0.05	622	500	0	500	0	0	1	0
0.1	20	0.05	623	500	0	500	0	0	1	0
0.1	20	0.05	624	500	0	500	0	0	1	0
0.1	20	0.05	625	500	0	500	0	0	1	0
0.1	20	0.05	626	500	0	500	0	0	1	0
0.1	20	0.05	627	500	0	500	0	0	1	0
0.1	20	0.05	628	500	0	500	0	0	1	0
0.1	20	0.05	629	500	0	500	0	0	1	0
0.1	20	0.05	630	500	0	500	0	0	1	0
0.1	20	0.05	631	500	0	500	0	0	1	0
0.1	20	0.05	632	500	0	500	0	0	1	0
0.1	20	0.05	633	500	0	500	0	0	1	0
0.1	20	0.05	634	500	0	500	0	0	1	0
0.1	20	0.05	635	500	0	500	0	0	1	0
0.1	20	0.05	636	500	0	500	0	0	1	0
0.1	20	0.05	637	500	0	500	0	0	1	0
0.1	20	0.05	638	500	0	500	0	0	1	0
0.1	20	0.05	639	500	0	500	0	0	1	0
0.1	20	0.05	640	500	0	500	0	0	1	0
0.1	20	0.05	641	500	0	500	0	0	1	0
0.1	20	0.05	642	500	0	500	0	0	1	0
0.1	20	0.05	643	500	0	500	0	0	1	0
0.1	20	0.05	644	500	0	500	0	0	1	0
0.1	20	0.05	645	500	0	500	0	0	1	0
0.1	20	0.05	646	500	0	500	0	0	1	0
0.1	20	0.05	647	500	0	500	0	0	1	0
0.1	20	0.05	648	500	0	500	0	0	1	0
0.1	20	0.05	649	500	0	500	0	0	1	0
0.1	20	0.05	650	500	0	500	0	0	1	0
0.1	20	0.05	651	500	0	500	0	0	1	0
0.1	20	0.05	652	500	0	500	0	0	1	0
0.1	20	0.05	653	500	0	500	0	0	1	0
0.1	20	0.05	654	500	0	500	0	0	1	0
0.1	20	0.05	655	500	0	500	0	0	1	0
0.1	20	0.05	656	500	0	500	0	0	1	0
0.1	20	0.05	657	500	0	500	0	0	1	0
0.1	20	0.05	658	500	0	500	0	0	1	0
0.1	20	0.05	659	500	0	500	0	0	1	0
0.1	20	0.05	660	500	0	500	0	0	1	0
0.1	20	0.05	661	500	0	500	0	0	1	0
0.1	20	0.05	662	500	0	500	0	0	1	0
0.1	20	0.05	663	500	0	500	0	0	1	0
0.1	20	0.05	664	500	0	500	0	0	1	0
0.1	20	0.05	665	500	0	500	0	0	1	0
0.1	20	0.05	666	500	0	500	0	0	1	0
0.1	20	0.05	667	500	0	500	0	0	1	0
0.1	20	0.05	668	500	0	500	0	0	1	0
0.1	20	0.05	669	500	0	500	0	0	1	0
0.1	20	0.05	670	500	0	500	0	0	1	0
0.1	20	0.05	671	500	0	500	0	0	1	0
0.1	20	0.05	672	500	0	500	0	0	1	0
0.1	20	0.05	673	500	0	500	0	0	1	0
0.1	20	0.05	674	500	0	500	0	0	1	0
0.1	20	0.05	675	500	0	500	0	0	1	0
0.1	20	0.05	676	500	0	500	0	0	1	0
0.1	20	0.05	677	500	0	500	0	0	1	0
0.1	20	0.05	678	500	0	500	0	0	1	0
0.1	20	0.05	679	500	0	500	0	0	1	0
0.1	20	0.05	680	500	0	500	0	0	1	0
0.1	20	0.05	681	500	0	500	0	0	1	0
0.1	20	0.05	682	500	0	500	0	0	1	0
0.1	20	0.05	683	500	0	500	0	0	1	0
0.1	20	0.05	684	500	0	500	0	0	1	0
0.1	20	0.05	685	500	0	500	0	0	1	0
0.1	20	0.05	686	500	0	500	0	0	1	0
0.1	20	0.05	687	500	0	500	0	0	1	0
0.1	20	0.05	688	500	0	500	0	0	1	0
0.1	20	0.05	689	500	0	500	0	0	1	0
0.1	20	0.05	690	500	0	500	0	0	1	0
0.1	20	0.05	691	500	0	500	0	0	1	0
0.1	20	0.05	692	500	0	500	0	0	1	0
0.1	20	0.05	693	500	0	500	0	0	1	0
0.1	20	0.05	694	500	0	500	0	0	1	0
0.1	20	0.05	695	500	0	500	0	0	1	0
0.1	20	0.05	696	500	0	500	0	0	1	0
0.1	20	0.05	697	500	0	500	0	0	1	0
0.1	20	0.05	698	500	0	500	0	0	1	0
0.1	20	0.05	699	500	0	500	0	0	1	0
0.1	20	0.05	700	500	0	500	0	0	1	0
0.1	20	0.05	701	500	0	500	0	0	1	0
0.1	20	0.05	702	500	0	500	0	0	1	0
0.1	20	0.05	703	500	0	500	0	0	1	0
0.1	20	0.05	704	500	0	500	0	0	1	0
0.1	20	0.05	705	500	0	500	0	0	1	0
0.1	20	0.05	706	500	0	500	0	0	1	0
0.1	20	0.05	707	500	0	500	0	0	1	0
0.1	20	0.05	708	500	0	500	0	0	1	0
0.1	20	0.05	709	500	0	500	0	0	1	0
0.1	20	0.05	710	500	0	500	0	0	1	0
0.1	20	0.05	711	500	0	500	0	0	1	0
0.1	20	0.05	712	500	0	500	0	0	1	0
0.1	20	0.05	713	500	0	500	0	0	1	0
0.1	20	0.05	714	500	0	500	0	0	1	0
0.1	20	0.05	715	500	0	500	0	0	1	0
0.1	20	0.05	716	500	0	500	0	0	1	0
0.1	20	0.05	717	500	0	500	0	0	1	0
0.1	20	0.05	718	500	0	500	0	0	1	0
0.1	20	0.05	719	500	0	500	0	0	1	0
0.1	20	0.05	720	500	0	500	0	0	1	0
0.1	20	0.05	721	500	0	500	0	0	1	0
0.1	20	0.05	722	500	0	500	0	0	1	0
0.1	20	0.05	723	500	0	500	0	0	1	0
0.1	20	0.05	724	500	0	500	0	0	1	0
0.1	20	0.05	725	500	0	500	0	0	1	0
0.1	20	0.05	726	500	0	500	0	0	1	0
0.1	20	0.05	727	500	0	500	0	0	1	0
0.1	20	0.05	728	500	0	500	0	0	1	0
0.1	20	0.05	729	500	0	500	0	0	1	0
0.1	20	0.05	730	500	0	500	0	0	1	0
0.1	20	0.05	731	500	0	500	0	0	1	0
0.1	20	0.05	732	500	0	500	0	0	1	0
0.1	20	0.05	733	500	0	500	0	0	1	0
0.1	20	0.05	734	500	0	500	0	0	1	0
0.1	20	0.05	735	500	0	500	0	0	1	0
0.1	20	0.05	736	500	0	500	0	0	1	0
0.1	20	0.05	737	500	0	500	0	0	1	0
0.1	20	0.05	738	500	0	500	0	0	1	0
0.1	20	0.05	739	500	0	500	0	0	1	0
0.1	20	0.05	740	500	0	500	0	0	1	0
0.1	20	0.05	741	500	0	500	0	0	1	0
0.1	20	0.05	742	500	0	500	0	0	1	0
0.1	20	0.05	743	500	0	500	0	0	1	0
0.1	20	0.05	744	500	0	500	0	0	1	0
0.1	20	0.05	745	500	0	500	0	0	1	0
0.1	20	0.05	746	500	0	500	0	0	1	0
0.1	20	0.05	747	500	0	500	0	0	1	0
0.1	20	0.05	748	500	0	500	0	0	1	0
0.1	20	0.05	749	500	0	500	0	0	1	0
0.1	20	0.05	750	500	0	500	0	0	1	0
0.1	20	0.05	751	500	0	500	0	0	1	0
0.1	20	0.05	752	500	0	500	0	0	1	0
0.1	20	0.05	753	500	0	500	0	0	1	0
0.1	20	0.05	754	500	0	500	0	0	1	0
0.1	20	0.05	755	500	0	500	0	0	1	0
0.1	20	0.05	756	500	0	500	0	0	1	0
0.1	20	0.05	757	500	0	500	0	0	1	0
0.1	20	0.05	758	500	0	500	0	0	1	0
0.1	20	0.05	759	500	0	500	0	0	1	0
0.1	20	0.05	760	500	0	500	0	0	1	0
0.1	20	0.05	761	500	0	500	0	0	1	0
0.1	20	0.05	762	500	0	500	0	0	1	0
0.1	20	0.05	763	500	0	500	0	0	1	0
0.1	20	0.05	764	500	0	500	0	0	1	0
0.1	20	0.05	765	500	0	500	0	0	1	0
0.1	20	0.05	766	500	0	500	0	0	1	0
0.1	20	0.05	767	500	0	500	0	0	1	0
0.1	20	0.05	768	500	0	500	0	0	1	0
0.1	20	0.05	769	500	0	500	0	0	1	0
0.1	20	0.05	770	500	0	500	0	0	1	0
0.1	20	0.05	771	500	0	500	0	0	1	0
0.1	20	0.05	772	500	0	500	0	0	1	0
0.1	20	0.05	773	500	0	500	0	0	1	0
0.1	20	0.05	774	500	0	500	0	0	1	0
0.1	20	0.05	775	500	0	500	0	0	1	0
0.1	20	0.05	776	500	0	500	0	0	1	0
0.1	20	0.05	777	500	0	500	0	0	1	0
0.1	20	0.05	778	500	0	500	0	0	1	0
0.1	20	0.05	779	500	0	500	0	0	1	0
0.1	20	0.05	780	500	0	500	0	0	1	0
0.1	20	0.05	781	500	0	500	0	0	1	0
0.1	20	0.05	782	500	0	500	0	0	1	0
0.1	20	0.05	783	500	0	500	0	0	1	0
0.1	20	0.05	784	500	0	500	0	0	1	0
0.1	20	0.05	785	500	0	500	0	0	1	0
0.1	20	0.05	786	500	0	500	0	0	1	0
0.1	20	0.05	787	500	0	500	0	0	1	0
0.1	20	0.05	788	500	0	500	0	0	1	0
0.1	20	0.05	789	500	0	500	0	0	1	0
0.1	20	0.05	790	500	0	500	0	0	1	0
0.1	20	0.05	791	500	0	500	0	0	1	0
0.1	20	0.05	792	500	0	500	0	0	1	0
0.1	20	0.05	793	500	0	500	0	0	1	0
0.1	20	0.05	794	500	0	500	0	0	1	0
0.1	20	0.05	795	500	0	500	0	0	1	0
0.1	20	0.05	796	500	0	500	0	0	1	0
0.1	20	0.05	797	500	0	500	0	0	1	0
0.1	20	0.05	798	500	0	500	0	0	1	0
0.1	20	0.05	799	500	0	500	0	0	1	0
0.1	20	0.05	800	500	0	500	0	0	1	0
0.1	20	0.05	801	500	0	500	0	0	1	0
0.1	20	0.05	802	500	0	500	0	0	1	0
0.1	20	0.05	803	500	0	500	0	0	1	0
0.1	20	0.05	804	500	0	500	0	0	1	0
0.1	20	0.05	805	500	0	500	0	0	1	0
0.1	20	0.05	806	500	0	500	0	0	1	0
0.1	20	0.05	807	500	0	500	0	0	1	0
0.1	20	0.05	808	500	0	500	0	0	1	0
0.1	20	0.05	809	500	0	500	0	0	1	0
0.1	20	0.05	810	500	0	500	0	0	1	0
0.1	20	0.05	811	500	0	500	0	0	1	0
0.1	20	0.05	812	500	0	500	0	0	1	0
0.1	20	0.05	813	500	0	500	0	0	1	0
0.1	20	0.05	814	500	0	500	0	0	1	0
0.1	20	0.05	815	500	0	500	0	0	1	0
0.1	20	0.05	816	500	0	500	0	0	1	0
0.1	20	0.05	817	500	0	500	0	0	1	0
0.1	20	0.05	818	500	0	500	0	0	1	0
0.1	20	0.05	819	500	0	500	0	0	1	0
0.1	20	0.05	820	500	0	500	0	0	1	0
0.1	20	0.05	821	500	0	500	0	0	1	0
0.1	20	0.05	822	500	0	500	0	0	1	0
0.1	20	0.05	823	500	0	500	0	0	1	0
0.1	20	0.05	824	500	0	500	0	0	1	0
0.1	20	0.05	825	500	0	500	0	0	1	0
0.1	20	0.05	826	500	0	500	0	0	1	0
0.1	20	0.05	827	500	0	500	0	0	1	0
0.1	20	0.05	828	500	0	500	0	0	1	0
0.1	20	0.05	829	500	0	500	0	0	1	0
0.1	20	0.05	830	500	0	500	0	0	1	0
0.1	20	0.05	831	500	0	500	0	0	1	0
0.1	20	0.05	832	500	0	500	0	0	1	0
0.1	20	0.05	833	500	0	500	0	0	1	0
0.1	20	0.05	834	500	0	500	0	0	1	0
0.1	20	0.05	835	500	0	500	0	0	1	0
0.1	20	0.05	836	500	0	500	0	0	1	0
0.1	20	0.05	837	500	0	500	0	0	1	0
0.1	20	0.05	838	500	0	500	0	0	1	0
0.1	20	0.05	839	500	0	500	0	0	1	0
0.1	20	0.05	840	500	0	500	0	0	1	0
0.1	20	0.05	841	500	0	500	0	0	1	0
0.1	20	0.05	842	500	0	500	0	0	1	0
0.1	20	0.05	843	500	0	500	0	0	1	0
0.1	20	0.05	844	500	0	500	0	0	1	0
0.1	20	0.05	845	500	0	500	0	0	1	0
0.1	20	0.05	846	500	0	500	0	0	1	0
0.1	20	0.05	847	500	0	500	0	0	1	0
0.1	20	0.05	848	500	0	500	0	0	1	0
0.1	20	0.05	849	500	0	500	0	0	1	0
0.1	20	0.05	850	500	0	500	0	0	1	0
0.1	20	0.05	851	500	0	500	0	0	1	0
0.1	20	0.05	852	500	0	500	0	0	1	0
0.1	20	0.05	853	500	0	500	0	0	1	0
0.1	20	0.05	854	500	0	500	0	0	1	0
0.1	20	0.05	855	500	0	500	0	0	1	0
0.1	20	0.05	856	500	0	500	0	0	1	0
0.1	20	0.05	857	500	0	500	0	0	1	0
0.1	20	0.05	858	500	0	500	0	0	1	0
0.1	20	0.05	859	500	0	500	0	0	1	0
0.1	20	0.05	860	500	0	500	0	0	1	0
0.1	20	0.05	861	500	0	500	0	0	1	0
0.1	20	0.05	862	500	0	500	0	0	1	0
0.1	20	0.05	863	500	0	500	0	0	1	0
0.1	20	0.05	864	500	0	500	0	0	1	0
0.1	20	0.05	865	500	0	500	0	0	1	0
0.1	20	0.05	866	500	0	500	0	0	1	0
0.1	20	0.05	867	500	0	500	0	0	1	0
0.1	20	0.05	868	500	0	500	0	0	1	0
0.1	20	0.05	869	500	0	500	0	0	1	0
0.1	20	0.05	870	500	0	500	0	0	1	0
0.1	20	0.05	871	500	0	500	0	0	1	0
0.1	20	0.05	872	500	0	500	0	0	1	0
0.1	20	0.05	873	500	0	500	0	0	1	0
0.1	20	0.05	874	500	0	500	0	0	1	0
0.1	20	0.05	875	500	0	500	0	0	1	0
0.1	20	0.05	876	500	0	500	0	0	1	0
0.1	20	0.05	877	500	0	500	0	0	1	0
0.1	20	0.05	878	500	0	500	0	0	1	0
0.1	20	0.05	879	500	0	500	0	0	1	0
0.1	20	0.05	880	500	0	500	0	0	1	0
0.1	20	0.05	881	500	0	500	0	0	1	0
0.1	20	0.05	882	500	0	500	0	0	1	0
0.1	20	0.05	883	500	0	500	0	0	1	0
0.1	20	0.05	884	500	0	500	0	0	1	0
0.1	20	0.05	885	500	0	500	0	0	1	0
0.1	20	0.05	886	500	0	500	0	0	1	0
0.1	20	0.05	887	500	0	500	0	0	1	0
0.1	20	0.05	888	500	0	500	0	0	1	0
0.1	20	0.05	889	500	0	500	0	0	1	0
0.1	20	0.05	890	500	0	500	0	0	1	0
0.1	20	0.05	891	500	0	500	0	0	1	0
0.1	20	0.05	892	500	0	500	0	0	1	0
0.1	20	0.05	893	500	0	500	0	0	1	0
0.1	20	0.05	894	500	0	500	0	0	1	0
0.1	20	0.05	895	500	0	500	0	0	1	0
0.1	20	0.05	896	500	0	500	0	0	1	0
0.1	20	0.05	897	500	0	500	0	0	1	0
0.1	20	0.05	898	500	0	500	0	0	1	0
0.1	20	0.05	899	500	0	500	0	0	1	0
0.1	20	0.05	900	500	0	500	0	0	1	0
0.1	20	0.05	901	500	0	500	0	0	1	0
0.1	20	0.05	902	500	0	500	0	0	1	0
0.1	20	0.05	903	500	0	500	0	0	1	0
0.1	20	0.05	904	500	0	500	0	0	1	0
0.1	20	0.05	905	500	0	500	0	0	1	0
0.1	20	0.05	906	500	0	500	0	0	1	0
0.1	20	0.05	907	500	0	500	0	0	1	0
0.1	20	0.05	908	500	0	500	0	0	1	0
0.1	20	0.05	909	500	0	500	0	0	1	0
0.1	20	0.05	910	500	0	500	0	0	1	0
0.1	20	0.05	911	500	0	500	0	0	1	0
0.1	20	0.05	912	500	0	500	0	0	1	0
0.1	20	0.05	913	500	0	500	0	0	1	0
0.1	20	0.05	914	500	0	500	0	0	1	0
0.1	20	0.05	915	500	0	500	0	0	1	0
0.1	20	0.05	916	500	0	500	0	0	1	0
0.1	20	0.05	917	500	0	500	0	0	1	0
0.1	20	0.05	918	500	0	500	0	0	1	0
0.1	20	0.05	919	500	0	500	0	0	1	0
0.1	20	0.05	920	500	0	500	0	0	1	0
0.1	20	0.05	921	500	0	500	0	0	1	0
0.1	20	0.05	922	500	0	500	0	0	1	0
0.1	20	0.05	923	500	0	500	0	0	1	0
0.1	20	0.05	924	500	0	500	0	0	1	0
0.1	20	0.05	925	500	0	500	0	0	1	0
0.1	20	0.05	926	500	0	500	0	0	1	0
0.1	20	0.05	927	500	0	500	0	0	1	0
0.1	20	0.05	928	500	0	500	0	0	1	0
0.1	20	0.05	929	500	0	500	0	0	1	0
0.1	20	0.05	930	500	0	500	0	0	1	0
0.1	20	0.05	931	500	0	500	0	0	1	0
0.1	20	0.05	932	500	0	500	0	0	1	0
0.1	20	0.05	933	500	0	500	0	0	1	0
0.1	20	0.05	934	500	0	500	0	0	1	0
0.1	20	0.05	935	500	0	500	0	0	1	0
0.1	20	0.05	936	500	0	500	0	0	1	0
0.1	20	0.05	937	500	0	500	0	0	1	0
0.1	20	0.05	938	500	0	500	0	0	1	0
0.1	20	0.05	939	500	0	500	0	0	1	0
0.1	20	0.05	940	500	0	500	0	0	1	0
0.1	20	0.05	941	500	0	500	0	0	1	0
0.1	20	0.05	942	500	0	500	0	0	1	0
0.1	20	0.05	943	500	0	500	0	0	1	0
0.1	20	0.05	944	500	0	500	0	0	1	0
0.1	20	0.05	945	500	0	500	0	0	1	0
0.1	20	0.05	946	500	0	500	0	0	1	0
0.1	20	0.05	947	500	0	500	0	0	1	0
0.1	20	0.05	948	500	0	500	0	0	1	0
0.1	20	0.05	949	500	0	500	0	0	1	0
0.1	20	0.05	950	500	0	500	0	0	1	0
0.1	20	0.05	951	500	0	500	0	0	1	0
0.1	20	0.05	952	500	0	500	0	0	1	0
0.1	20	0.05	953	500	0	500	0	0	1	0
0.1	20	0.05	954	500	0	500	0	0	1	0
0.1	20	0.05	955	500	0	500	0	0	1	0
0.1	20	0.05	956	500	0	500	0	0	1	0
0.1	20	0.05	957	500	0	500	0	0	1	0
0.1	20	0.05	958	500	0	500	0	0	1	0
0.1	20	0.05	959	500	0	500	0	0	1	0
0.1	20	0.05	960	500	0	500	0	0	1	0
0.1	20	0.05	961	500	0	500	0	0	1	0
0.1	20	0.05	962	500	0	500	0	0	1	0
0.1	20	0.05	963	500	0	500	0	0	1	0
0.1	20	0.05	964	500	0	500	0	0	1	0
0.1	20	0.05	965	500	0	500	0	0	1	0
0.1	20	0.05	966	500	0	500	0	0	1	0
0.1	20	0.05	967	500	0	500	0	0	1	0
0.1	20	0.05	968	500	0	500	0	0	1	0
0.1	20	0.05	969	500	0	500	0	0	1	0
0.1	20	0.05	970	500	0	500	0	0	1	0
0.1	20	0.05	971	500	0	500	0	0	1	0
0.1	20	0.05	972	500	0	500	0	0	1	0
0.1	20	0.05	973	500	0	500	0	0	1	0
0.1	20	0.05	974	500	0	500	0	0	1	0
0.1	20	0.05	975	500	0	500	0	0	1	0
0.1	20	0.05	976	500	0	500	0	0	1	0
0.1	20	0.05	977	500	0	500	0	0	1	0
0.1	20	0.05	978	500	0	500	0	0	1	0
0.1	20	0.05	979	500	0	500	0	0	1	0
0.1	20	0.05	980	500	0	500	0	0	1	0
0.1	20	0.05	981	500	0	500	0	0	1	0
0.1	20	0.05	982	500	0	500	0	0	1	0
0.1	20	0.05	983	500	0	500	0	0	1	0
0.1	20	0.05	984	500	0	500	0	0	1	0
0.1	20	0.05	985	500	0	500	0	0	1	0
0.1	20	0.05	986	500	0	500	0	0	1	0
0.1	20	0.05	987	500	0	500	0	0	1	0
0.1	20	0.05	988	500	0	500	0	0	1	0
0.1	20	0.05	989	500	0	500	0	0	1	0
0.1	20	0.05	990	500	0	500	0	0	1	0
0.1	20	0.05	991	500	0	500	0	0	1	0
0.1	20	0.05	992	500	0	500	0	0	1	0
0.1	20	0.05	993	500	0	500	0	0	1	0
0.1	20	0.05	994	500	0	500	0	0	1	0
0.1	20	0.05	995	500	0	500	0	0	1	0
0.1	20	0.05	996	500	0	500	0	0	1	0
0.1	20	0.05	997	500	0	500	0	0	1	0
0.1	20	0.05	998	500	0	500	0	0	1	0
0.1	20	0.05	999	500	0	500	0	0	1	0
0.1	20	0.05	1000	500	0	500	0	0	1	0
