"trueDelta"	"eCrit_upper"	"eCrit_lower"	"n"	"n_reps"	"h1_n"	"h0_n"	"ind_n"	"h1_prob"	"h0_prob"	"ind_prob"
0.5	20	0.05	2	500	0	0	500	0	0	1
0.5	20	0.05	3	500	0	0	500	0	0	1
0.5	20	0.05	4	500	0	0	500	0	0	1
0.5	20	0.05	5	500	0	0	500	0	0	1
0.5	20	0.05	6	500	0	0	500	0	0	1
0.5	20	0.05	7	500	0	0	500	0	0	1
0.5	20	0.05	8	500	0	0	500	0	0	1
0.5	20	0.05	9	500	0	0	500	0	0	1
0.5	20	0.05	10	500	2	1	497	0.004	0.002	0.994
0.5	20	0.05	11	500	8	2	490	0.016	0.004	0.98
0.5	20	0.05	12	500	8	5	487	0.016	0.01	0.974
0.5	20	0.05	13	500	29	3	468	0.058	0.006	0.936
0.5	20	0.05	14	500	28	5	467	0.056	0.01	0.934
0.5	20	0.05	15	500	35	4	461	0.07	0.008	0.922
0.5	20	0.05	16	500	30	3	467	0.06	0.006	0.934
0.5	20	0.05	17	500	46	4	450	0.092	0.008	0.9
0.5	20	0.05	18	500	57	3	440	0.114	0.006	0.88
0.5	20	0.05	19	500	56	11	433	0.112	0.022	0.866
0.5	20	0.05	20	500	71	8	421	0.142	0.016	0.842
0.5	20	0.05	21	500	86	8	406	0.172	0.016	0.812
0.5	20	0.05	22	500	85	10	405	0.17	0.02	0.81
0.5	20	0.05	23	500	90	8	402	0.18	0.016	0.804
0.5	20	0.05	24	500	79	11	410	0.158	0.022	0.82
0.5	20	0.05	25	500	119	12	369	0.238	0.024	0.738
0.5	20	0.05	26	500	134	10	356	0.268	0.02	0.712
0.5	20	0.05	27	500	127	9	364	0.254	0.018	0.728
0.5	20	0.05	28	500	106	5	389	0.212	0.01	0.778
0.5	20	0.05	29	500	135	8	357	0.27	0.016	0.714
0.5	20	0.05	30	500	133	12	355	0.266	0.024	0.71
0.5	20	0.05	31	500	130	8	362	0.26	0.016	0.724
0.5	20	0.05	32	500	146	9	345	0.292	0.018	0.69
0.5	20	0.05	33	500	128	13	359	0.256	0.026	0.718
0.5	20	0.05	34	500	163	11	326	0.326	0.022	0.652
0.5	20	0.05	35	500	170	18	312	0.34	0.036	0.624
0.5	20	0.05	36	500	176	12	312	0.352	0.024	0.624
0.5	20	0.05	37	500	180	5	315	0.36	0.01	0.63
0.5	20	0.05	38	500	184	7	309	0.368	0.014	0.618
0.5	20	0.05	39	500	178	11	311	0.356	0.022	0.622
0.5	20	0.05	40	500	204	2	294	0.408	0.004	0.588
0.5	20	0.05	41	500	200	15	285	0.4	0.03	0.57
0.5	20	0.05	42	500	222	15	263	0.444	0.03	0.526
0.5	20	0.05	43	500	220	7	273	0.44	0.014	0.546
0.5	20	0.05	44	500	235	15	250	0.47	0.03	0.5
0.5	20	0.05	45	500	221	8	271	0.442	0.016	0.542
0.5	20	0.05	46	500	226	6	268	0.452	0.012	0.536
0.5	20	0.05	47	500	234	13	253	0.468	0.026	0.506
0.5	20	0.05	48	500	230	8	262	0.46	0.016	0.524
0.5	20	0.05	49	500	251	12	237	0.502	0.024	0.474
0.5	20	0.05	50	500	261	6	233	0.522	0.012	0.466
0.5	20	0.05	51	500	232	15	253	0.464	0.03	0.506
0.5	20	0.05	52	500	235	13	252	0.47	0.026	0.504
0.5	20	0.05	53	500	258	13	229	0.516	0.026	0.458
0.5	20	0.05	54	500	269	11	220	0.538	0.022	0.44
0.5	20	0.05	55	500	283	9	208	0.566	0.018	0.416
0.5	20	0.05	56	500	259	7	234	0.518	0.014	0.468
0.5	20	0.05	57	500	272	8	220	0.544	0.016	0.44
0.5	20	0.05	58	500	266	16	218	0.532	0.032	0.436
0.5	20	0.05	59	500	262	16	222	0.524	0.032	0.444
0.5	20	0.05	60	500	281	16	203	0.562	0.032	0.406
0.5	20	0.05	61	500	275	10	215	0.55	0.02	0.43
0.5	20	0.05	62	500	276	10	214	0.552	0.02	0.428
0.5	20	0.05	63	500	306	10	184	0.612	0.02	0.368
0.5	20	0.05	64	500	286	9	205	0.572	0.018	0.41
0.5	20	0.05	65	500	306	11	183	0.612	0.022	0.366
0.5	20	0.05	66	500	298	12	190	0.596	0.024	0.38
0.5	20	0.05	67	500	297	14	189	0.594	0.028	0.378
0.5	20	0.05	68	500	299	10	191	0.598	0.02	0.382
0.5	20	0.05	69	500	324	9	167	0.648	0.018	0.334
0.5	20	0.05	70	500	315	15	170	0.63	0.03	0.34
0.5	20	0.05	71	500	307	12	181	0.614	0.024	0.362
0.5	20	0.05	72	500	322	9	169	0.644	0.018	0.338
0.5	20	0.05	73	500	320	14	166	0.64	0.028	0.332
0.5	20	0.05	74	500	309	9	182	0.618	0.018	0.364
0.5	20	0.05	75	500	309	15	176	0.618	0.03	0.352
0.5	20	0.05	76	500	317	14	169	0.634	0.028	0.338
0.5	20	0.05	77	500	313	15	172	0.626	0.03	0.344
0.5	20	0.05	78	500	331	11	158	0.662	0.022	0.316
0.5	20	0.05	79	500	337	12	151	0.674	0.024	0.302
0.5	20	0.05	80	500	341	8	151	0.682	0.016	0.302
0.5	20	0.05	81	500	329	10	161	0.658	0.02	0.322
0.5	20	0.05	82	500	333	17	150	0.666	0.034	0.3
0.5	20	0.05	83	500	350	16	134	0.7	0.032	0.268
0.5	20	0.05	84	500	346	15	139	0.692	0.03	0.278
0.5	20	0.05	85	500	347	11	142	0.694	0.022	0.284
0.5	20	0.05	86	500	362	7	131	0.724	0.014	0.262
0.5	20	0.05	87	500	368	9	123	0.736	0.018	0.246
0.5	20	0.05	88	500	358	8	134	0.716	0.016	0.268
0.5	20	0.05	89	500	342	7	151	0.684	0.014	0.302
0.5	20	0.05	90	500	346	13	141	0.692	0.026	0.282
0.5	20	0.05	91	500	360	4	136	0.72	0.008	0.272
0.5	20	0.05	92	500	352	6	142	0.704	0.012	0.284
0.5	20	0.05	93	500	376	7	117	0.752	0.014	0.234
0.5	20	0.05	94	500	387	5	108	0.774	0.01	0.216
0.5	20	0.05	95	500	370	8	122	0.74	0.016	0.244
0.5	20	0.05	96	500	382	5	113	0.764	0.01	0.226
0.5	20	0.05	97	500	370	10	120	0.74	0.02	0.24
0.5	20	0.05	98	500	380	4	116	0.76	0.008	0.232
0.5	20	0.05	99	500	385	7	108	0.77	0.014	0.216
0.5	20	0.05	100	500	373	6	121	0.746	0.012	0.242
0.5	20	0.05	101	500	374	6	120	0.748	0.012	0.24
0.5	20	0.05	102	500	386	7	107	0.772	0.014	0.214
0.5	20	0.05	103	500	392	10	98	0.784	0.02	0.196
0.5	20	0.05	104	500	384	6	110	0.768	0.012	0.22
0.5	20	0.05	105	500	376	12	112	0.752	0.024	0.224
0.5	20	0.05	106	500	379	9	112	0.758	0.018	0.224
0.5	20	0.05	107	500	384	5	111	0.768	0.01	0.222
0.5	20	0.05	108	500	397	3	100	0.794	0.006	0.2
0.5	20	0.05	109	500	385	13	102	0.77	0.026	0.204
0.5	20	0.05	110	500	373	6	121	0.746	0.012	0.242
0.5	20	0.05	111	500	383	10	107	0.766	0.02	0.214
0.5	20	0.05	112	500	411	10	79	0.822	0.02	0.158
0.5	20	0.05	113	500	384	7	109	0.768	0.014	0.218
0.5	20	0.05	114	500	409	9	82	0.818	0.018	0.164
0.5	20	0.05	115	500	408	6	86	0.816	0.012	0.172
0.5	20	0.05	116	500	396	10	94	0.792	0.02	0.188
0.5	20	0.05	117	500	401	8	91	0.802	0.016	0.182
0.5	20	0.05	118	500	386	15	99	0.772	0.03	0.198
0.5	20	0.05	119	500	401	4	95	0.802	0.008	0.19
0.5	20	0.05	120	500	425	9	66	0.85	0.018	0.132
0.5	20	0.05	121	500	395	8	97	0.79	0.016	0.194
0.5	20	0.05	122	500	427	7	66	0.854	0.014	0.132
0.5	20	0.05	123	500	405	7	88	0.81	0.014	0.176
0.5	20	0.05	124	500	413	6	81	0.826	0.012	0.162
0.5	20	0.05	125	500	425	2	73	0.85	0.004	0.146
0.5	20	0.05	126	500	419	3	78	0.838	0.006	0.156
0.5	20	0.05	127	500	398	11	91	0.796	0.022	0.182
0.5	20	0.05	128	500	409	2	89	0.818	0.004	0.178
0.5	20	0.05	129	500	403	6	91	0.806	0.012	0.182
0.5	20	0.05	130	500	422	8	70	0.844	0.016	0.14
0.5	20	0.05	131	500	421	6	73	0.842	0.012	0.146
0.5	20	0.05	132	500	422	7	71	0.844	0.014	0.142
0.5	20	0.05	133	500	421	5	74	0.842	0.01	0.148
0.5	20	0.05	134	500	417	7	76	0.834	0.014	0.152
0.5	20	0.05	135	500	431	5	64	0.862	0.01	0.128
0.5	20	0.05	136	500	424	4	72	0.848	0.008	0.144
0.5	20	0.05	137	500	427	2	71	0.854	0.004	0.142
0.5	20	0.05	138	500	427	6	67	0.854	0.012	0.134
0.5	20	0.05	139	500	416	7	77	0.832	0.014	0.154
0.5	20	0.05	140	500	407	9	84	0.814	0.018	0.168
0.5	20	0.05	141	500	427	6	67	0.854	0.012	0.134
0.5	20	0.05	142	500	423	2	75	0.846	0.004	0.15
0.5	20	0.05	143	500	418	6	76	0.836	0.012	0.152
0.5	20	0.05	144	500	441	1	58	0.882	0.002	0.116
0.5	20	0.05	145	500	437	9	54	0.874	0.018	0.108
0.5	20	0.05	146	500	441	6	53	0.882	0.012	0.106
0.5	20	0.05	147	500	423	7	70	0.846	0.014	0.14
0.5	20	0.05	148	500	432	6	62	0.864	0.012	0.124
0.5	20	0.05	149	500	432	3	65	0.864	0.006	0.13
0.5	20	0.05	150	500	427	6	67	0.854	0.012	0.134
0.5	20	0.05	151	500	430	2	68	0.86	0.004	0.136
0.5	20	0.05	152	500	437	5	58	0.874	0.01	0.116
0.5	20	0.05	153	500	436	6	58	0.872	0.012	0.116
0.5	20	0.05	154	500	435	9	56	0.87	0.018	0.112
0.5	20	0.05	155	500	441	5	54	0.882	0.01	0.108
0.5	20	0.05	156	500	443	3	54	0.886	0.006	0.108
0.5	20	0.05	157	500	442	7	51	0.884	0.014	0.102
0.5	20	0.05	158	500	442	4	54	0.884	0.008	0.108
0.5	20	0.05	159	500	439	5	56	0.878	0.01	0.112
0.5	20	0.05	160	500	437	2	61	0.874	0.004	0.122
0.5	20	0.05	161	500	446	3	51	0.892	0.006	0.102
0.5	20	0.05	162	500	443	3	54	0.886	0.006	0.108
0.5	20	0.05	163	500	447	2	51	0.894	0.004	0.102
0.5	20	0.05	164	500	442	2	56	0.884	0.004	0.112
0.5	20	0.05	165	500	440	5	55	0.88	0.01	0.11
0.5	20	0.05	166	500	437	6	57	0.874	0.012	0.114
0.5	20	0.05	167	500	451	3	46	0.902	0.006	0.092
0.5	20	0.05	168	500	445	3	52	0.89	0.006	0.104
0.5	20	0.05	169	500	456	6	38	0.912	0.012	0.076
0.5	20	0.05	170	500	440	4	56	0.88	0.008	0.112
0.5	20	0.05	171	500	454	6	40	0.908	0.012	0.08
0.5	20	0.05	172	500	458	6	36	0.916	0.012	0.072
0.5	20	0.05	173	500	450	2	48	0.9	0.004	0.096
0.5	20	0.05	174	500	446	4	50	0.892	0.008	0.1
0.5	20	0.05	175	500	456	2	42	0.912	0.004	0.084
0.5	20	0.05	176	500	453	4	43	0.906	0.008	0.086
0.5	20	0.05	177	500	451	3	46	0.902	0.006	0.092
0.5	20	0.05	178	500	464	3	33	0.928	0.006	0.066
0.5	20	0.05	179	500	457	2	41	0.914	0.004	0.082
0.5	20	0.05	180	500	455	5	40	0.91	0.01	0.08
0.5	20	0.05	181	500	449	4	47	0.898	0.008	0.094
0.5	20	0.05	182	500	454	2	44	0.908	0.004	0.088
0.5	20	0.05	183	500	457	7	36	0.914	0.014	0.072
0.5	20	0.05	184	500	458	5	37	0.916	0.01	0.074
0.5	20	0.05	185	500	453	4	43	0.906	0.008	0.086
0.5	20	0.05	186	500	459	5	36	0.918	0.01	0.072
0.5	20	0.05	187	500	459	2	39	0.918	0.004	0.078
0.5	20	0.05	188	500	469	2	29	0.938	0.004	0.058
0.5	20	0.05	189	500	465	5	30	0.93	0.01	0.06
0.5	20	0.05	190	500	452	4	44	0.904	0.008	0.088
0.5	20	0.05	191	500	458	2	40	0.916	0.004	0.08
0.5	20	0.05	192	500	464	6	30	0.928	0.012	0.06
0.5	20	0.05	193	500	464	2	34	0.928	0.004	0.068
0.5	20	0.05	194	500	466	2	32	0.932	0.004	0.064
0.5	20	0.05	195	500	456	6	38	0.912	0.012	0.076
0.5	20	0.05	196	500	464	3	33	0.928	0.006	0.066
0.5	20	0.05	197	500	455	4	41	0.91	0.008	0.082
0.5	20	0.05	198	500	469	0	31	0.938	0	0.062
0.5	20	0.05	199	500	467	6	27	0.934	0.012	0.054
0.5	20	0.05	200	500	469	1	30	0.938	0.002	0.06
0.5	20	0.05	201	500	461	5	34	0.922	0.01	0.068
0.5	20	0.05	202	500	467	4	29	0.934	0.008	0.058
0.5	20	0.05	203	500	463	3	34	0.926	0.006	0.068
0.5	20	0.05	204	500	471	4	25	0.942	0.008	0.05
0.5	20	0.05	205	500	472	7	21	0.944	0.014	0.042
0.5	20	0.05	206	500	470	5	25	0.94	0.01	0.05
0.5	20	0.05	207	500	469	3	28	0.938	0.006	0.056
0.5	20	0.05	208	500	460	2	38	0.92	0.004	0.076
0.5	20	0.05	209	500	471	1	28	0.942	0.002	0.056
0.5	20	0.05	210	500	470	3	27	0.94	0.006	0.054
0.5	20	0.05	211	500	465	2	33	0.93	0.004	0.066
0.5	20	0.05	212	500	460	7	33	0.92	0.014	0.066
0.5	20	0.05	213	500	476	0	24	0.952	0	0.048
0.5	20	0.05	214	500	476	4	20	0.952	0.008	0.04
0.5	20	0.05	215	500	473	3	24	0.946	0.006	0.048
0.5	20	0.05	216	500	464	2	34	0.928	0.004	0.068
0.5	20	0.05	217	500	473	3	24	0.946	0.006	0.048
0.5	20	0.05	218	500	474	0	26	0.948	0	0.052
0.5	20	0.05	219	500	468	1	31	0.936	0.002	0.062
0.5	20	0.05	220	500	468	4	28	0.936	0.008	0.056
0.5	20	0.05	221	500	480	0	20	0.96	0	0.04
0.5	20	0.05	222	500	475	2	23	0.95	0.004	0.046
0.5	20	0.05	223	500	477	4	19	0.954	0.008	0.038
0.5	20	0.05	224	500	476	2	22	0.952	0.004	0.044
0.5	20	0.05	225	500	472	1	27	0.944	0.002	0.054
0.5	20	0.05	226	500	477	0	23	0.954	0	0.046
0.5	20	0.05	227	500	468	3	29	0.936	0.006	0.058
0.5	20	0.05	228	500	471	2	27	0.942	0.004	0.054
0.5	20	0.05	229	500	475	2	23	0.95	0.004	0.046
0.5	20	0.05	230	500	468	5	27	0.936	0.01	0.054
0.5	20	0.05	231	500	480	1	19	0.96	0.002	0.038
0.5	20	0.05	232	500	477	2	21	0.954	0.004	0.042
0.5	20	0.05	233	500	471	1	28	0.942	0.002	0.056
0.5	20	0.05	234	500	474	1	25	0.948	0.002	0.05
0.5	20	0.05	235	500	480	1	19	0.96	0.002	0.038
0.5	20	0.05	236	500	484	2	14	0.968	0.004	0.028
0.5	20	0.05	237	500	468	2	30	0.936	0.004	0.06
0.5	20	0.05	238	500	484	0	16	0.968	0	0.032
0.5	20	0.05	239	500	477	1	22	0.954	0.002	0.044
0.5	20	0.05	240	500	479	1	20	0.958	0.002	0.04
0.5	20	0.05	241	500	480	1	19	0.96	0.002	0.038
0.5	20	0.05	242	500	476	5	19	0.952	0.01	0.038
0.5	20	0.05	243	500	484	3	13	0.968	0.006	0.026
0.5	20	0.05	244	500	477	2	21	0.954	0.004	0.042
0.5	20	0.05	245	500	482	1	17	0.964	0.002	0.034
0.5	20	0.05	246	500	480	2	18	0.96	0.004	0.036
0.5	20	0.05	247	500	478	3	19	0.956	0.006	0.038
0.5	20	0.05	248	500	478	3	19	0.956	0.006	0.038
0.5	20	0.05	249	500	481	0	19	0.962	0	0.038
0.5	20	0.05	250	500	481	2	17	0.962	0.004	0.034
0.5	20	0.05	251	500	481	4	15	0.962	0.008	0.03
0.5	20	0.05	252	500	484	1	15	0.968	0.002	0.03
0.5	20	0.05	253	500	481	3	16	0.962	0.006	0.032
0.5	20	0.05	254	500	484	1	15	0.968	0.002	0.03
0.5	20	0.05	255	500	480	2	18	0.96	0.004	0.036
0.5	20	0.05	256	500	484	1	15	0.968	0.002	0.03
0.5	20	0.05	257	500	483	0	17	0.966	0	0.034
0.5	20	0.05	258	500	489	0	11	0.978	0	0.022
0.5	20	0.05	259	500	472	1	27	0.944	0.002	0.054
0.5	20	0.05	260	500	482	0	18	0.964	0	0.036
0.5	20	0.05	261	500	487	1	12	0.974	0.002	0.024
0.5	20	0.05	262	500	486	0	14	0.972	0	0.028
0.5	20	0.05	263	500	486	2	12	0.972	0.004	0.024
0.5	20	0.05	264	500	483	1	16	0.966	0.002	0.032
0.5	20	0.05	265	500	487	2	11	0.974	0.004	0.022
0.5	20	0.05	266	500	481	2	17	0.962	0.004	0.034
0.5	20	0.05	267	500	481	0	19	0.962	0	0.038
0.5	20	0.05	268	500	484	2	14	0.968	0.004	0.028
0.5	20	0.05	269	500	480	2	18	0.96	0.004	0.036
0.5	20	0.05	270	500	476	2	22	0.952	0.004	0.044
0.5	20	0.05	271	500	488	2	10	0.976	0.004	0.02
0.5	20	0.05	272	500	490	2	8	0.98	0.004	0.016
0.5	20	0.05	273	500	488	0	12	0.976	0	0.024
0.5	20	0.05	274	500	486	1	13	0.972	0.002	0.026
0.5	20	0.05	275	500	489	1	10	0.978	0.002	0.02
0.5	20	0.05	276	500	485	2	13	0.97	0.004	0.026
0.5	20	0.05	277	500	482	0	18	0.964	0	0.036
0.5	20	0.05	278	500	483	2	15	0.966	0.004	0.03
0.5	20	0.05	279	500	486	1	13	0.972	0.002	0.026
0.5	20	0.05	280	500	487	1	12	0.974	0.002	0.024
0.5	20	0.05	281	500	482	1	17	0.964	0.002	0.034
0.5	20	0.05	282	500	488	0	12	0.976	0	0.024
0.5	20	0.05	283	500	483	1	16	0.966	0.002	0.032
0.5	20	0.05	284	500	486	0	14	0.972	0	0.028
0.5	20	0.05	285	500	486	1	13	0.972	0.002	0.026
0.5	20	0.05	286	500	484	3	13	0.968	0.006	0.026
0.5	20	0.05	287	500	491	1	8	0.982	0.002	0.016
0.5	20	0.05	288	500	488	1	11	0.976	0.002	0.022
0.5	20	0.05	289	500	489	0	11	0.978	0	0.022
0.5	20	0.05	290	500	491	0	9	0.982	0	0.018
0.5	20	0.05	291	500	490	1	9	0.98	0.002	0.018
0.5	20	0.05	292	500	478	2	20	0.956	0.004	0.04
0.5	20	0.05	293	500	489	1	10	0.978	0.002	0.02
0.5	20	0.05	294	500	487	1	12	0.974	0.002	0.024
0.5	20	0.05	295	500	492	0	8	0.984	0	0.016
0.5	20	0.05	296	500	488	0	12	0.976	0	0.024
0.5	20	0.05	297	500	489	1	10	0.978	0.002	0.02
0.5	20	0.05	298	500	481	3	16	0.962	0.006	0.032
0.5	20	0.05	299	500	490	2	8	0.98	0.004	0.016
0.5	20	0.05	300	500	487	1	12	0.974	0.002	0.024
0.5	20	0.05	301	500	490	1	9	0.98	0.002	0.018
0.5	20	0.05	302	500	484	1	15	0.968	0.002	0.03
0.5	20	0.05	303	500	485	3	12	0.97	0.006	0.024
0.5	20	0.05	304	500	487	1	12	0.974	0.002	0.024
0.5	20	0.05	305	500	484	2	14	0.968	0.004	0.028
0.5	20	0.05	306	500	492	0	8	0.984	0	0.016
0.5	20	0.05	307	500	489	0	11	0.978	0	0.022
0.5	20	0.05	308	500	485	0	15	0.97	0	0.03
0.5	20	0.05	309	500	488	1	11	0.976	0.002	0.022
0.5	20	0.05	310	500	490	0	10	0.98	0	0.02
0.5	20	0.05	311	500	487	0	13	0.974	0	0.026
0.5	20	0.05	312	500	489	2	9	0.978	0.004	0.018
0.5	20	0.05	313	500	489	0	11	0.978	0	0.022
0.5	20	0.05	314	500	490	1	9	0.98	0.002	0.018
0.5	20	0.05	315	500	494	2	4	0.988	0.004	0.008
0.5	20	0.05	316	500	493	0	7	0.986	0	0.014
0.5	20	0.05	317	500	492	3	5	0.984	0.006	0.01
0.5	20	0.05	318	500	495	0	5	0.99	0	0.01
0.5	20	0.05	319	500	488	1	11	0.976	0.002	0.022
0.5	20	0.05	320	500	493	1	6	0.986	0.002	0.012
0.5	20	0.05	321	500	492	0	8	0.984	0	0.016
0.5	20	0.05	322	500	492	0	8	0.984	0	0.016
0.5	20	0.05	323	500	491	1	8	0.982	0.002	0.016
0.5	20	0.05	324	500	489	2	9	0.978	0.004	0.018
0.5	20	0.05	325	500	495	0	5	0.99	0	0.01
0.5	20	0.05	326	500	489	1	10	0.978	0.002	0.02
0.5	20	0.05	327	500	490	2	8	0.98	0.004	0.016
0.5	20	0.05	328	500	493	0	7	0.986	0	0.014
0.5	20	0.05	329	500	499	0	1	0.998	0	0.002
0.5	20	0.05	330	500	494	2	4	0.988	0.004	0.008
0.5	20	0.05	331	500	497	0	3	0.994	0	0.006
0.5	20	0.05	332	500	491	1	8	0.982	0.002	0.016
0.5	20	0.05	333	500	493	1	6	0.986	0.002	0.012
0.5	20	0.05	334	500	497	0	3	0.994	0	0.006
0.5	20	0.05	335	500	485	1	14	0.97	0.002	0.028
0.5	20	0.05	336	500	495	0	5	0.99	0	0.01
0.5	20	0.05	337	500	498	0	2	0.996	0	0.004
0.5	20	0.05	338	500	496	0	4	0.992	0	0.008
0.5	20	0.05	339	500	489	4	7	0.978	0.008	0.014
0.5	20	0.05	340	500	496	0	4	0.992	0	0.008
0.5	20	0.05	341	500	495	0	5	0.99	0	0.01
0.5	20	0.05	342	500	490	2	8	0.98	0.004	0.016
0.5	20	0.05	343	500	494	0	6	0.988	0	0.012
0.5	20	0.05	344	500	494	0	6	0.988	0	0.012
0.5	20	0.05	345	500	489	1	10	0.978	0.002	0.02
0.5	20	0.05	346	500	492	1	7	0.984	0.002	0.014
0.5	20	0.05	347	500	494	0	6	0.988	0	0.012
0.5	20	0.05	348	500	494	0	6	0.988	0	0.012
0.5	20	0.05	349	500	493	1	6	0.986	0.002	0.012
0.5	20	0.05	350	500	495	0	5	0.99	0	0.01
0.5	20	0.05	351	500	495	2	3	0.99	0.004	0.006
0.5	20	0.05	352	500	494	1	5	0.988	0.002	0.01
0.5	20	0.05	353	500	496	0	4	0.992	0	0.008
0.5	20	0.05	354	500	492	0	8	0.984	0	0.016
0.5	20	0.05	355	500	498	0	2	0.996	0	0.004
0.5	20	0.05	356	500	499	0	1	0.998	0	0.002
0.5	20	0.05	357	500	495	0	5	0.99	0	0.01
0.5	20	0.05	358	500	496	0	4	0.992	0	0.008
0.5	20	0.05	359	500	495	0	5	0.99	0	0.01
0.5	20	0.05	360	500	490	1	9	0.98	0.002	0.018
0.5	20	0.05	361	500	493	1	6	0.986	0.002	0.012
0.5	20	0.05	362	500	492	1	7	0.984	0.002	0.014
0.5	20	0.05	363	500	497	1	2	0.994	0.002	0.004
0.5	20	0.05	364	500	498	0	2	0.996	0	0.004
0.5	20	0.05	365	500	497	0	3	0.994	0	0.006
0.5	20	0.05	366	500	494	1	5	0.988	0.002	0.01
0.5	20	0.05	367	500	497	1	2	0.994	0.002	0.004
0.5	20	0.05	368	500	492	0	8	0.984	0	0.016
0.5	20	0.05	369	500	497	0	3	0.994	0	0.006
0.5	20	0.05	370	500	497	0	3	0.994	0	0.006
0.5	20	0.05	371	500	497	0	3	0.994	0	0.006
0.5	20	0.05	372	500	496	1	3	0.992	0.002	0.006
0.5	20	0.05	373	500	492	0	8	0.984	0	0.016
0.5	20	0.05	374	500	496	0	4	0.992	0	0.008
0.5	20	0.05	375	500	497	0	3	0.994	0	0.006
0.5	20	0.05	376	500	497	0	3	0.994	0	0.006
0.5	20	0.05	377	500	497	0	3	0.994	0	0.006
0.5	20	0.05	378	500	489	2	9	0.978	0.004	0.018
0.5	20	0.05	379	500	494	0	6	0.988	0	0.012
0.5	20	0.05	380	500	494	0	6	0.988	0	0.012
0.5	20	0.05	381	500	499	0	1	0.998	0	0.002
0.5	20	0.05	382	500	494	1	5	0.988	0.002	0.01
0.5	20	0.05	383	500	495	1	4	0.99	0.002	0.008
0.5	20	0.05	384	500	494	1	5	0.988	0.002	0.01
0.5	20	0.05	385	500	495	0	5	0.99	0	0.01
0.5	20	0.05	386	500	493	1	6	0.986	0.002	0.012
0.5	20	0.05	387	500	496	0	4	0.992	0	0.008
0.5	20	0.05	388	500	495	0	5	0.99	0	0.01
0.5	20	0.05	389	500	498	1	1	0.996	0.002	0.002
0.5	20	0.05	390	500	498	1	1	0.996	0.002	0.002
0.5	20	0.05	391	500	496	1	3	0.992	0.002	0.006
0.5	20	0.05	392	500	496	0	4	0.992	0	0.008
0.5	20	0.05	393	500	497	0	3	0.994	0	0.006
0.5	20	0.05	394	500	498	0	2	0.996	0	0.004
0.5	20	0.05	395	500	498	0	2	0.996	0	0.004
0.5	20	0.05	396	500	499	0	1	0.998	0	0.002
0.5	20	0.05	397	500	499	0	1	0.998	0	0.002
0.5	20	0.05	398	500	498	0	2	0.996	0	0.004
0.5	20	0.05	399	500	497	0	3	0.994	0	0.006
0.5	20	0.05	400	500	499	0	1	0.998	0	0.002
0.5	20	0.05	401	500	496	0	4	0.992	0	0.008
0.5	20	0.05	402	500	496	0	4	0.992	0	0.008
0.5	20	0.05	403	500	495	0	5	0.99	0	0.01
0.5	20	0.05	404	500	497	0	3	0.994	0	0.006
0.5	20	0.05	405	500	498	0	2	0.996	0	0.004
0.5	20	0.05	406	500	495	0	5	0.99	0	0.01
0.5	20	0.05	407	500	494	0	6	0.988	0	0.012
0.5	20	0.05	408	500	499	0	1	0.998	0	0.002
0.5	20	0.05	409	500	496	0	4	0.992	0	0.008
0.5	20	0.05	410	500	497	1	2	0.994	0.002	0.004
0.5	20	0.05	411	500	498	0	2	0.996	0	0.004
0.5	20	0.05	412	500	498	1	1	0.996	0.002	0.002
0.5	20	0.05	413	500	495	1	4	0.99	0.002	0.008
0.5	20	0.05	414	500	499	0	1	0.998	0	0.002
0.5	20	0.05	415	500	499	0	1	0.998	0	0.002
0.5	20	0.05	416	500	496	0	4	0.992	0	0.008
0.5	20	0.05	417	500	498	1	1	0.996	0.002	0.002
0.5	20	0.05	418	500	495	0	5	0.99	0	0.01
0.5	20	0.05	419	500	499	0	1	0.998	0	0.002
0.5	20	0.05	420	500	497	0	3	0.994	0	0.006
0.5	20	0.05	421	500	493	1	6	0.986	0.002	0.012
0.5	20	0.05	422	500	499	0	1	0.998	0	0.002
0.5	20	0.05	423	500	495	2	3	0.99	0.004	0.006
0.5	20	0.05	424	500	497	1	2	0.994	0.002	0.004
0.5	20	0.05	425	500	499	0	1	0.998	0	0.002
0.5	20	0.05	426	500	499	0	1	0.998	0	0.002
0.5	20	0.05	427	500	499	0	1	0.998	0	0.002
0.5	20	0.05	428	500	497	1	2	0.994	0.002	0.004
0.5	20	0.05	429	500	498	1	1	0.996	0.002	0.002
0.5	20	0.05	430	500	496	1	3	0.992	0.002	0.006
0.5	20	0.05	431	500	494	0	6	0.988	0	0.012
0.5	20	0.05	432	500	496	0	4	0.992	0	0.008
0.5	20	0.05	433	500	495	0	5	0.99	0	0.01
0.5	20	0.05	434	500	494	1	5	0.988	0.002	0.01
0.5	20	0.05	435	500	498	0	2	0.996	0	0.004
0.5	20	0.05	436	500	493	0	7	0.986	0	0.014
0.5	20	0.05	437	500	498	0	2	0.996	0	0.004
0.5	20	0.05	438	500	499	1	0	0.998	0.002	0
0.5	20	0.05	439	500	500	0	0	1	0	0
0.5	20	0.05	440	500	497	1	2	0.994	0.002	0.004
0.5	20	0.05	441	500	499	0	1	0.998	0	0.002
0.5	20	0.05	442	500	495	0	5	0.99	0	0.01
0.5	20	0.05	443	500	493	2	5	0.986	0.004	0.01
0.5	20	0.05	444	500	498	1	1	0.996	0.002	0.002
0.5	20	0.05	445	500	500	0	0	1	0	0
0.5	20	0.05	446	500	496	2	2	0.992	0.004	0.004
0.5	20	0.05	447	500	498	0	2	0.996	0	0.004
0.5	20	0.05	448	500	496	0	4	0.992	0	0.008
0.5	20	0.05	449	500	498	0	2	0.996	0	0.004
0.5	20	0.05	450	500	496	0	4	0.992	0	0.008
0.5	20	0.05	451	500	499	0	1	0.998	0	0.002
0.5	20	0.05	452	500	500	0	0	1	0	0
0.5	20	0.05	453	500	498	0	2	0.996	0	0.004
0.5	20	0.05	454	500	499	1	0	0.998	0.002	0
0.5	20	0.05	455	500	498	0	2	0.996	0	0.004
0.5	20	0.05	456	500	496	0	4	0.992	0	0.008
0.5	20	0.05	457	500	499	1	0	0.998	0.002	0
0.5	20	0.05	458	500	498	0	2	0.996	0	0.004
0.5	20	0.05	459	500	497	1	2	0.994	0.002	0.004
0.5	20	0.05	460	500	500	0	0	1	0	0
0.5	20	0.05	461	500	499	0	1	0.998	0	0.002
0.5	20	0.05	462	500	497	0	3	0.994	0	0.006
0.5	20	0.05	463	500	499	0	1	0.998	0	0.002
0.5	20	0.05	464	500	499	0	1	0.998	0	0.002
0.5	20	0.05	465	500	499	0	1	0.998	0	0.002
0.5	20	0.05	466	500	497	1	2	0.994	0.002	0.004
0.5	20	0.05	467	500	500	0	0	1	0	0
0.5	20	0.05	468	500	500	0	0	1	0	0
0.5	20	0.05	469	500	499	0	1	0.998	0	0.002
0.5	20	0.05	470	500	499	0	1	0.998	0	0.002
0.5	20	0.05	471	500	500	0	0	1	0	0
0.5	20	0.05	472	500	499	0	1	0.998	0	0.002
0.5	20	0.05	473	500	498	0	2	0.996	0	0.004
0.5	20	0.05	474	500	497	1	2	0.994	0.002	0.004
0.5	20	0.05	475	500	498	2	0	0.996	0.004	0
0.5	20	0.05	476	500	498	0	2	0.996	0	0.004
0.5	20	0.05	477	500	500	0	0	1	0	0
0.5	20	0.05	478	500	499	0	1	0.998	0	0.002
0.5	20	0.05	479	500	500	0	0	1	0	0
0.5	20	0.05	480	500	500	0	0	1	0	0
0.5	20	0.05	481	500	499	0	1	0.998	0	0.002
0.5	20	0.05	482	500	500	0	0	1	0	0
0.5	20	0.05	483	500	500	0	0	1	0	0
0.5	20	0.05	484	500	499	0	1	0.998	0	0.002
0.5	20	0.05	485	500	499	0	1	0.998	0	0.002
0.5	20	0.05	486	500	499	0	1	0.998	0	0.002
0.5	20	0.05	487	500	499	0	1	0.998	0	0.002
0.5	20	0.05	488	500	499	0	1	0.998	0	0.002
0.5	20	0.05	489	500	500	0	0	1	0	0
0.5	20	0.05	490	500	498	0	2	0.996	0	0.004
0.5	20	0.05	491	500	497	1	2	0.994	0.002	0.004
0.5	20	0.05	492	500	499	0	1	0.998	0	0.002
0.5	20	0.05	493	500	500	0	0	1	0	0
0.5	20	0.05	494	500	499	0	1	0.998	0	0.002
0.5	20	0.05	495	500	495	0	5	0.99	0	0.01
0.5	20	0.05	496	500	497	0	3	0.994	0	0.006
0.5	20	0.05	497	500	499	0	1	0.998	0	0.002
0.5	20	0.05	498	500	500	0	0	1	0	0
0.5	20	0.05	499	500	497	1	2	0.994	0.002	0.004
0.5	20	0.05	500	500	498	0	2	0.996	0	0.004
0.5	20	0.05	501	500	500	0	0	1	0	0
0.5	20	0.05	502	500	499	0	1	0.998	0	0.002
0.5	20	0.05	503	500	499	0	1	0.998	0	0.002
0.5	20	0.05	504	500	500	0	0	1	0	0
0.5	20	0.05	505	500	499	0	1	0.998	0	0.002
0.5	20	0.05	506	500	498	1	1	0.996	0.002	0.002
0.5	20	0.05	507	500	499	1	0	0.998	0.002	0
0.5	20	0.05	508	500	499	0	1	0.998	0	0.002
0.5	20	0.05	509	500	498	0	2	0.996	0	0.004
0.5	20	0.05	510	500	498	1	1	0.996	0.002	0.002
0.5	20	0.05	511	500	500	0	0	1	0	0
0.5	20	0.05	512	500	499	1	0	0.998	0.002	0
0.5	20	0.05	513	500	500	0	0	1	0	0
0.5	20	0.05	514	500	500	0	0	1	0	0
0.5	20	0.05	515	500	500	0	0	1	0	0
0.5	20	0.05	516	500	499	0	1	0.998	0	0.002
0.5	20	0.05	517	500	500	0	0	1	0	0
0.5	20	0.05	518	500	500	0	0	1	0	0
0.5	20	0.05	519	500	499	0	1	0.998	0	0.002
0.5	20	0.05	520	500	498	0	2	0.996	0	0.004
0.5	20	0.05	521	500	499	0	1	0.998	0	0.002
0.5	20	0.05	522	500	500	0	0	1	0	0
0.5	20	0.05	523	500	498	1	1	0.996	0.002	0.002
0.5	20	0.05	524	500	498	0	2	0.996	0	0.004
0.5	20	0.05	525	500	499	0	1	0.998	0	0.002
0.5	20	0.05	526	500	499	0	1	0.998	0	0.002
0.5	20	0.05	527	500	499	1	0	0.998	0.002	0
0.5	20	0.05	528	500	498	1	1	0.996	0.002	0.002
0.5	20	0.05	529	500	500	0	0	1	0	0
0.5	20	0.05	530	500	499	0	1	0.998	0	0.002
0.5	20	0.05	531	500	500	0	0	1	0	0
0.5	20	0.05	532	500	499	1	0	0.998	0.002	0
0.5	20	0.05	533	500	499	0	1	0.998	0	0.002
0.5	20	0.05	534	500	500	0	0	1	0	0
0.5	20	0.05	535	500	500	0	0	1	0	0
0.5	20	0.05	536	500	500	0	0	1	0	0
0.5	20	0.05	537	500	500	0	0	1	0	0
0.5	20	0.05	538	500	500	0	0	1	0	0
0.5	20	0.05	539	500	500	0	0	1	0	0
0.5	20	0.05	540	500	500	0	0	1	0	0
0.5	20	0.05	541	500	500	0	0	1	0	0
0.5	20	0.05	542	500	499	0	1	0.998	0	0.002
0.5	20	0.05	543	500	499	0	1	0.998	0	0.002
0.5	20	0.05	544	500	500	0	0	1	0	0
0.5	20	0.05	545	500	499	0	1	0.998	0	0.002
0.5	20	0.05	546	500	500	0	0	1	0	0
0.5	20	0.05	547	500	500	0	0	1	0	0
0.5	20	0.05	548	500	498	0	2	0.996	0	0.004
0.5	20	0.05	549	500	500	0	0	1	0	0
0.5	20	0.05	550	500	500	0	0	1	0	0
0.5	20	0.05	551	500	500	0	0	1	0	0
0.5	20	0.05	552	500	499	0	1	0.998	0	0.002
0.5	20	0.05	553	500	498	1	1	0.996	0.002	0.002
0.5	20	0.05	554	500	500	0	0	1	0	0
0.5	20	0.05	555	500	499	1	0	0.998	0.002	0
0.5	20	0.05	556	500	499	0	1	0.998	0	0.002
0.5	20	0.05	557	500	500	0	0	1	0	0
0.5	20	0.05	558	500	500	0	0	1	0	0
0.5	20	0.05	559	500	500	0	0	1	0	0
0.5	20	0.05	560	500	500	0	0	1	0	0
0.5	20	0.05	561	500	500	0	0	1	0	0
0.5	20	0.05	562	500	499	0	1	0.998	0	0.002
0.5	20	0.05	563	500	500	0	0	1	0	0
0.5	20	0.05	564	500	499	0	1	0.998	0	0.002
0.5	20	0.05	565	500	498	0	2	0.996	0	0.004
0.5	20	0.05	566	500	498	0	2	0.996	0	0.004
0.5	20	0.05	567	500	500	0	0	1	0	0
0.5	20	0.05	568	500	499	1	0	0.998	0.002	0
0.5	20	0.05	569	500	498	0	2	0.996	0	0.004
0.5	20	0.05	570	500	499	0	1	0.998	0	0.002
0.5	20	0.05	571	500	499	0	1	0.998	0	0.002
0.5	20	0.05	572	500	499	0	1	0.998	0	0.002
0.5	20	0.05	573	500	499	0	1	0.998	0	0.002
0.5	20	0.05	574	500	500	0	0	1	0	0
0.5	20	0.05	575	500	499	0	1	0.998	0	0.002
0.5	20	0.05	576	500	500	0	0	1	0	0
0.5	20	0.05	577	500	500	0	0	1	0	0
0.5	20	0.05	578	500	499	0	1	0.998	0	0.002
0.5	20	0.05	579	500	500	0	0	1	0	0
0.5	20	0.05	580	500	500	0	0	1	0	0
0.5	20	0.05	581	500	500	0	0	1	0	0
0.5	20	0.05	582	500	498	1	1	0.996	0.002	0.002
0.5	20	0.05	583	500	500	0	0	1	0	0
0.5	20	0.05	584	500	499	0	1	0.998	0	0.002
0.5	20	0.05	585	500	500	0	0	1	0	0
0.5	20	0.05	586	500	500	0	0	1	0	0
0.5	20	0.05	587	500	500	0	0	1	0	0
0.5	20	0.05	588	500	500	0	0	1	0	0
0.5	20	0.05	589	500	500	0	0	1	0	0
0.5	20	0.05	590	500	500	0	0	1	0	0
0.5	20	0.05	591	500	500	0	0	1	0	0
0.5	20	0.05	592	500	500	0	0	1	0	0
0.5	20	0.05	593	500	499	0	1	0.998	0	0.002
0.5	20	0.05	594	500	498	0	2	0.996	0	0.004
0.5	20	0.05	595	500	500	0	0	1	0	0
0.5	20	0.05	596	500	500	0	0	1	0	0
0.5	20	0.05	597	500	499	0	1	0.998	0	0.002
0.5	20	0.05	598	500	499	0	1	0.998	0	0.002
0.5	20	0.05	599	500	499	0	1	0.998	0	0.002
0.5	20	0.05	600	500	498	1	1	0.996	0.002	0.002
0.5	20	0.05	601	500	500	0	0	1	0	0
0.5	20	0.05	602	500	500	0	0	1	0	0
0.5	20	0.05	603	500	500	0	0	1	0	0
0.5	20	0.05	604	500	499	0	1	0.998	0	0.002
0.5	20	0.05	605	500	500	0	0	1	0	0
0.5	20	0.05	606	500	499	0	1	0.998	0	0.002
0.5	20	0.05	607	500	498	0	2	0.996	0	0.004
0.5	20	0.05	608	500	500	0	0	1	0	0
0.5	20	0.05	609	500	500	0	0	1	0	0
0.5	20	0.05	610	500	499	0	1	0.998	0	0.002
0.5	20	0.05	611	500	500	0	0	1	0	0
0.5	20	0.05	612	500	500	0	0	1	0	0
0.5	20	0.05	613	500	499	0	1	0.998	0	0.002
0.5	20	0.05	614	500	500	0	0	1	0	0
0.5	20	0.05	615	500	498	1	1	0.996	0.002	0.002
0.5	20	0.05	616	500	499	0	1	0.998	0	0.002
0.5	20	0.05	617	500	499	0	1	0.998	0	0.002
0.5	20	0.05	618	500	500	0	0	1	0	0
0.5	20	0.05	619	500	500	0	0	1	0	0
0.5	20	0.05	620	500	500	0	0	1	0	0
0.5	20	0.05	621	500	500	0	0	1	0	0
0.5	20	0.05	622	500	498	0	2	0.996	0	0.004
0.5	20	0.05	623	500	500	0	0	1	0	0
0.5	20	0.05	624	500	499	0	1	0.998	0	0.002
0.5	20	0.05	625	500	498	0	2	0.996	0	0.004
0.5	20	0.05	626	500	500	0	0	1	0	0
0.5	20	0.05	627	500	499	0	1	0.998	0	0.002
0.5	20	0.05	628	500	500	0	0	1	0	0
0.5	20	0.05	629	500	500	0	0	1	0	0
0.5	20	0.05	630	500	500	0	0	1	0	0
0.5	20	0.05	631	500	500	0	0	1	0	0
0.5	20	0.05	632	500	500	0	0	1	0	0
0.5	20	0.05	633	500	499	0	1	0.998	0	0.002
0.5	20	0.05	634	500	500	0	0	1	0	0
0.5	20	0.05	635	500	500	0	0	1	0	0
0.5	20	0.05	636	500	499	0	1	0.998	0	0.002
0.5	20	0.05	637	500	500	0	0	1	0	0
0.5	20	0.05	638	500	500	0	0	1	0	0
0.5	20	0.05	639	500	500	0	0	1	0	0
0.5	20	0.05	640	500	500	0	0	1	0	0
0.5	20	0.05	641	500	500	0	0	1	0	0
0.5	20	0.05	642	500	500	0	0	1	0	0
0.5	20	0.05	643	500	500	0	0	1	0	0
0.5	20	0.05	644	500	500	0	0	1	0	0
0.5	20	0.05	645	500	500	0	0	1	0	0
0.5	20	0.05	646	500	500	0	0	1	0	0
0.5	20	0.05	647	500	500	0	0	1	0	0
0.5	20	0.05	648	500	500	0	0	1	0	0
0.5	20	0.05	649	500	500	0	0	1	0	0
0.5	20	0.05	650	500	500	0	0	1	0	0
0.5	20	0.05	651	500	500	0	0	1	0	0
0.5	20	0.05	652	500	500	0	0	1	0	0
0.5	20	0.05	653	500	500	0	0	1	0	0
0.5	20	0.05	654	500	500	0	0	1	0	0
0.5	20	0.05	655	500	500	0	0	1	0	0
0.5	20	0.05	656	500	500	0	0	1	0	0
0.5	20	0.05	657	500	500	0	0	1	0	0
0.5	20	0.05	658	500	500	0	0	1	0	0
0.5	20	0.05	659	500	500	0	0	1	0	0
0.5	20	0.05	660	500	500	0	0	1	0	0
0.5	20	0.05	661	500	500	0	0	1	0	0
0.5	20	0.05	662	500	498	1	1	0.996	0.002	0.002
0.5	20	0.05	663	500	500	0	0	1	0	0
0.5	20	0.05	664	500	499	0	1	0.998	0	0.002
0.5	20	0.05	665	500	500	0	0	1	0	0
0.5	20	0.05	666	500	499	0	1	0.998	0	0.002
0.5	20	0.05	667	500	499	0	1	0.998	0	0.002
0.5	20	0.05	668	500	500	0	0	1	0	0
0.5	20	0.05	669	500	500	0	0	1	0	0
0.5	20	0.05	670	500	500	0	0	1	0	0
0.5	20	0.05	671	500	500	0	0	1	0	0
0.5	20	0.05	672	500	500	0	0	1	0	0
0.5	20	0.05	673	500	500	0	0	1	0	0
0.5	20	0.05	674	500	500	0	0	1	0	0
0.5	20	0.05	675	500	500	0	0	1	0	0
0.5	20	0.05	676	500	500	0	0	1	0	0
0.5	20	0.05	677	500	499	1	0	0.998	0.002	0
0.5	20	0.05	678	500	499	0	1	0.998	0	0.002
0.5	20	0.05	679	500	500	0	0	1	0	0
0.5	20	0.05	680	500	500	0	0	1	0	0
0.5	20	0.05	681	500	499	1	0	0.998	0.002	0
0.5	20	0.05	682	500	500	0	0	1	0	0
0.5	20	0.05	683	500	500	0	0	1	0	0
0.5	20	0.05	684	500	500	0	0	1	0	0
0.5	20	0.05	685	500	500	0	0	1	0	0
0.5	20	0.05	686	500	498	0	2	0.996	0	0.004
0.5	20	0.05	687	500	500	0	0	1	0	0
0.5	20	0.05	688	500	500	0	0	1	0	0
0.5	20	0.05	689	500	500	0	0	1	0	0
0.5	20	0.05	690	500	499	0	1	0.998	0	0.002
0.5	20	0.05	691	500	499	1	0	0.998	0.002	0
0.5	20	0.05	692	500	500	0	0	1	0	0
0.5	20	0.05	693	500	500	0	0	1	0	0
0.5	20	0.05	694	500	500	0	0	1	0	0
0.5	20	0.05	695	500	500	0	0	1	0	0
0.5	20	0.05	696	500	500	0	0	1	0	0
0.5	20	0.05	697	500	500	0	0	1	0	0
0.5	20	0.05	698	500	500	0	0	1	0	0
0.5	20	0.05	699	500	500	0	0	1	0	0
0.5	20	0.05	700	500	500	0	0	1	0	0
0.5	20	0.05	701	500	499	0	1	0.998	0	0.002
0.5	20	0.05	702	500	500	0	0	1	0	0
0.5	20	0.05	703	500	500	0	0	1	0	0
0.5	20	0.05	704	500	499	0	1	0.998	0	0.002
0.5	20	0.05	705	500	500	0	0	1	0	0
0.5	20	0.05	706	500	500	0	0	1	0	0
0.5	20	0.05	707	500	500	0	0	1	0	0
0.5	20	0.05	708	500	500	0	0	1	0	0
0.5	20	0.05	709	500	500	0	0	1	0	0
0.5	20	0.05	710	500	500	0	0	1	0	0
0.5	20	0.05	711	500	500	0	0	1	0	0
0.5	20	0.05	712	500	499	1	0	0.998	0.002	0
0.5	20	0.05	713	500	500	0	0	1	0	0
0.5	20	0.05	714	500	500	0	0	1	0	0
0.5	20	0.05	715	500	500	0	0	1	0	0
0.5	20	0.05	716	500	500	0	0	1	0	0
0.5	20	0.05	717	500	500	0	0	1	0	0
0.5	20	0.05	718	500	500	0	0	1	0	0
0.5	20	0.05	719	500	500	0	0	1	0	0
0.5	20	0.05	720	500	500	0	0	1	0	0
0.5	20	0.05	721	500	500	0	0	1	0	0
0.5	20	0.05	722	500	500	0	0	1	0	0
0.5	20	0.05	723	500	499	0	1	0.998	0	0.002
0.5	20	0.05	724	500	500	0	0	1	0	0
0.5	20	0.05	725	500	500	0	0	1	0	0
0.5	20	0.05	726	500	500	0	0	1	0	0
0.5	20	0.05	727	500	500	0	0	1	0	0
0.5	20	0.05	728	500	500	0	0	1	0	0
0.5	20	0.05	729	500	500	0	0	1	0	0
0.5	20	0.05	730	500	500	0	0	1	0	0
0.5	20	0.05	731	500	500	0	0	1	0	0
0.5	20	0.05	732	500	500	0	0	1	0	0
0.5	20	0.05	733	500	500	0	0	1	0	0
0.5	20	0.05	734	500	500	0	0	1	0	0
0.5	20	0.05	735	500	500	0	0	1	0	0
0.5	20	0.05	736	500	500	0	0	1	0	0
0.5	20	0.05	737	500	500	0	0	1	0	0
0.5	20	0.05	738	500	500	0	0	1	0	0
0.5	20	0.05	739	500	500	0	0	1	0	0
0.5	20	0.05	740	500	500	0	0	1	0	0
0.5	20	0.05	741	500	500	0	0	1	0	0
0.5	20	0.05	742	500	500	0	0	1	0	0
0.5	20	0.05	743	500	500	0	0	1	0	0
0.5	20	0.05	744	500	500	0	0	1	0	0
0.5	20	0.05	745	500	500	0	0	1	0	0
0.5	20	0.05	746	500	500	0	0	1	0	0
0.5	20	0.05	747	500	500	0	0	1	0	0
0.5	20	0.05	748	500	500	0	0	1	0	0
0.5	20	0.05	749	500	500	0	0	1	0	0
0.5	20	0.05	750	500	500	0	0	1	0	0
0.5	20	0.05	751	500	500	0	0	1	0	0
0.5	20	0.05	752	500	500	0	0	1	0	0
0.5	20	0.05	753	500	500	0	0	1	0	0
0.5	20	0.05	754	500	499	0	1	0.998	0	0.002
0.5	20	0.05	755	500	500	0	0	1	0	0
0.5	20	0.05	756	500	500	0	0	1	0	0
0.5	20	0.05	757	500	500	0	0	1	0	0
0.5	20	0.05	758	500	500	0	0	1	0	0
0.5	20	0.05	759	500	500	0	0	1	0	0
0.5	20	0.05	760	500	500	0	0	1	0	0
0.5	20	0.05	761	500	500	0	0	1	0	0
0.5	20	0.05	762	500	500	0	0	1	0	0
0.5	20	0.05	763	500	500	0	0	1	0	0
0.5	20	0.05	764	500	500	0	0	1	0	0
0.5	20	0.05	765	500	500	0	0	1	0	0
0.5	20	0.05	766	500	500	0	0	1	0	0
0.5	20	0.05	767	500	500	0	0	1	0	0
0.5	20	0.05	768	500	500	0	0	1	0	0
0.5	20	0.05	769	500	500	0	0	1	0	0
0.5	20	0.05	770	500	500	0	0	1	0	0
0.5	20	0.05	771	500	500	0	0	1	0	0
0.5	20	0.05	772	500	500	0	0	1	0	0
0.5	20	0.05	773	500	500	0	0	1	0	0
0.5	20	0.05	774	500	500	0	0	1	0	0
0.5	20	0.05	775	500	500	0	0	1	0	0
0.5	20	0.05	776	500	500	0	0	1	0	0
0.5	20	0.05	777	500	500	0	0	1	0	0
0.5	20	0.05	778	500	500	0	0	1	0	0
0.5	20	0.05	779	500	500	0	0	1	0	0
0.5	20	0.05	780	500	500	0	0	1	0	0
0.5	20	0.05	781	500	500	0	0	1	0	0
0.5	20	0.05	782	500	500	0	0	1	0	0
0.5	20	0.05	783	500	500	0	0	1	0	0
0.5	20	0.05	784	500	500	0	0	1	0	0
0.5	20	0.05	785	500	500	0	0	1	0	0
0.5	20	0.05	786	500	500	0	0	1	0	0
0.5	20	0.05	787	500	500	0	0	1	0	0
0.5	20	0.05	788	500	500	0	0	1	0	0
0.5	20	0.05	789	500	500	0	0	1	0	0
0.5	20	0.05	790	500	500	0	0	1	0	0
0.5	20	0.05	791	500	500	0	0	1	0	0
0.5	20	0.05	792	500	500	0	0	1	0	0
0.5	20	0.05	793	500	499	0	1	0.998	0	0.002
0.5	20	0.05	794	500	500	0	0	1	0	0
0.5	20	0.05	795	500	500	0	0	1	0	0
0.5	20	0.05	796	500	500	0	0	1	0	0
0.5	20	0.05	797	500	500	0	0	1	0	0
0.5	20	0.05	798	500	500	0	0	1	0	0
0.5	20	0.05	799	500	500	0	0	1	0	0
0.5	20	0.05	800	500	500	0	0	1	0	0
0.5	20	0.05	801	500	500	0	0	1	0	0
0.5	20	0.05	802	500	500	0	0	1	0	0
0.5	20	0.05	803	500	500	0	0	1	0	0
0.5	20	0.05	804	500	500	0	0	1	0	0
0.5	20	0.05	805	500	500	0	0	1	0	0
0.5	20	0.05	806	500	500	0	0	1	0	0
0.5	20	0.05	807	500	500	0	0	1	0	0
0.5	20	0.05	808	500	500	0	0	1	0	0
0.5	20	0.05	809	500	500	0	0	1	0	0
0.5	20	0.05	810	500	500	0	0	1	0	0
0.5	20	0.05	811	500	500	0	0	1	0	0
0.5	20	0.05	812	500	500	0	0	1	0	0
0.5	20	0.05	813	500	500	0	0	1	0	0
0.5	20	0.05	814	500	500	0	0	1	0	0
0.5	20	0.05	815	500	500	0	0	1	0	0
0.5	20	0.05	816	500	500	0	0	1	0	0
0.5	20	0.05	817	500	500	0	0	1	0	0
0.5	20	0.05	818	500	500	0	0	1	0	0
0.5	20	0.05	819	500	500	0	0	1	0	0
0.5	20	0.05	820	500	500	0	0	1	0	0
0.5	20	0.05	821	500	500	0	0	1	0	0
0.5	20	0.05	822	500	500	0	0	1	0	0
0.5	20	0.05	823	500	500	0	0	1	0	0
0.5	20	0.05	824	500	500	0	0	1	0	0
0.5	20	0.05	825	500	500	0	0	1	0	0
0.5	20	0.05	826	500	500	0	0	1	0	0
0.5	20	0.05	827	500	500	0	0	1	0	0
0.5	20	0.05	828	500	500	0	0	1	0	0
0.5	20	0.05	829	500	500	0	0	1	0	0
0.5	20	0.05	830	500	500	0	0	1	0	0
0.5	20	0.05	831	500	500	0	0	1	0	0
0.5	20	0.05	832	500	500	0	0	1	0	0
0.5	20	0.05	833	500	500	0	0	1	0	0
0.5	20	0.05	834	500	500	0	0	1	0	0
0.5	20	0.05	835	500	500	0	0	1	0	0
0.5	20	0.05	836	500	500	0	0	1	0	0
0.5	20	0.05	837	500	500	0	0	1	0	0
0.5	20	0.05	838	500	500	0	0	1	0	0
0.5	20	0.05	839	500	500	0	0	1	0	0
0.5	20	0.05	840	500	500	0	0	1	0	0
0.5	20	0.05	841	500	500	0	0	1	0	0
0.5	20	0.05	842	500	500	0	0	1	0	0
0.5	20	0.05	843	500	500	0	0	1	0	0
0.5	20	0.05	844	500	500	0	0	1	0	0
0.5	20	0.05	845	500	500	0	0	1	0	0
0.5	20	0.05	846	500	500	0	0	1	0	0
0.5	20	0.05	847	500	499	0	1	0.998	0	0.002
0.5	20	0.05	848	500	500	0	0	1	0	0
0.5	20	0.05	849	500	500	0	0	1	0	0
0.5	20	0.05	850	500	500	0	0	1	0	0
0.5	20	0.05	851	500	500	0	0	1	0	0
0.5	20	0.05	852	500	500	0	0	1	0	0
0.5	20	0.05	853	500	500	0	0	1	0	0
0.5	20	0.05	854	500	500	0	0	1	0	0
0.5	20	0.05	855	500	500	0	0	1	0	0
0.5	20	0.05	856	500	500	0	0	1	0	0
0.5	20	0.05	857	500	500	0	0	1	0	0
0.5	20	0.05	858	500	500	0	0	1	0	0
0.5	20	0.05	859	500	500	0	0	1	0	0
0.5	20	0.05	860	500	500	0	0	1	0	0
0.5	20	0.05	861	500	500	0	0	1	0	0
0.5	20	0.05	862	500	500	0	0	1	0	0
0.5	20	0.05	863	500	500	0	0	1	0	0
0.5	20	0.05	864	500	500	0	0	1	0	0
0.5	20	0.05	865	500	500	0	0	1	0	0
0.5	20	0.05	866	500	500	0	0	1	0	0
0.5	20	0.05	867	500	500	0	0	1	0	0
0.5	20	0.05	868	500	500	0	0	1	0	0
0.5	20	0.05	869	500	500	0	0	1	0	0
0.5	20	0.05	870	500	500	0	0	1	0	0
0.5	20	0.05	871	500	500	0	0	1	0	0
0.5	20	0.05	872	500	500	0	0	1	0	0
0.5	20	0.05	873	500	500	0	0	1	0	0
0.5	20	0.05	874	500	500	0	0	1	0	0
0.5	20	0.05	875	500	500	0	0	1	0	0
0.5	20	0.05	876	500	500	0	0	1	0	0
0.5	20	0.05	877	500	500	0	0	1	0	0
0.5	20	0.05	878	500	500	0	0	1	0	0
0.5	20	0.05	879	500	500	0	0	1	0	0
0.5	20	0.05	880	500	500	0	0	1	0	0
0.5	20	0.05	881	500	500	0	0	1	0	0
0.5	20	0.05	882	500	500	0	0	1	0	0
0.5	20	0.05	883	500	500	0	0	1	0	0
0.5	20	0.05	884	500	500	0	0	1	0	0
0.5	20	0.05	885	500	500	0	0	1	0	0
0.5	20	0.05	886	500	500	0	0	1	0	0
0.5	20	0.05	887	500	500	0	0	1	0	0
0.5	20	0.05	888	500	500	0	0	1	0	0
0.5	20	0.05	889	500	500	0	0	1	0	0
0.5	20	0.05	890	500	500	0	0	1	0	0
0.5	20	0.05	891	500	500	0	0	1	0	0
0.5	20	0.05	892	500	500	0	0	1	0	0
0.5	20	0.05	893	500	500	0	0	1	0	0
0.5	20	0.05	894	500	500	0	0	1	0	0
0.5	20	0.05	895	500	500	0	0	1	0	0
0.5	20	0.05	896	500	500	0	0	1	0	0
0.5	20	0.05	897	500	500	0	0	1	0	0
0.5	20	0.05	898	500	500	0	0	1	0	0
0.5	20	0.05	899	500	500	0	0	1	0	0
0.5	20	0.05	900	500	500	0	0	1	0	0
0.5	20	0.05	901	500	500	0	0	1	0	0
0.5	20	0.05	902	500	500	0	0	1	0	0
0.5	20	0.05	903	500	500	0	0	1	0	0
0.5	20	0.05	904	500	500	0	0	1	0	0
0.5	20	0.05	905	500	500	0	0	1	0	0
0.5	20	0.05	906	500	500	0	0	1	0	0
0.5	20	0.05	907	500	500	0	0	1	0	0
0.5	20	0.05	908	500	500	0	0	1	0	0
0.5	20	0.05	909	500	500	0	0	1	0	0
0.5	20	0.05	910	500	500	0	0	1	0	0
0.5	20	0.05	911	500	500	0	0	1	0	0
0.5	20	0.05	912	500	500	0	0	1	0	0
0.5	20	0.05	913	500	500	0	0	1	0	0
0.5	20	0.05	914	500	500	0	0	1	0	0
0.5	20	0.05	915	500	500	0	0	1	0	0
0.5	20	0.05	916	500	500	0	0	1	0	0
0.5	20	0.05	917	500	500	0	0	1	0	0
0.5	20	0.05	918	500	500	0	0	1	0	0
0.5	20	0.05	919	500	500	0	0	1	0	0
0.5	20	0.05	920	500	500	0	0	1	0	0
0.5	20	0.05	921	500	500	0	0	1	0	0
0.5	20	0.05	922	500	500	0	0	1	0	0
0.5	20	0.05	923	500	500	0	0	1	0	0
0.5	20	0.05	924	500	500	0	0	1	0	0
0.5	20	0.05	925	500	500	0	0	1	0	0
0.5	20	0.05	926	500	500	0	0	1	0	0
0.5	20	0.05	927	500	500	0	0	1	0	0
0.5	20	0.05	928	500	499	0	1	0.998	0	0.002
0.5	20	0.05	929	500	500	0	0	1	0	0
0.5	20	0.05	930	500	500	0	0	1	0	0
0.5	20	0.05	931	500	500	0	0	1	0	0
0.5	20	0.05	932	500	500	0	0	1	0	0
0.5	20	0.05	933	500	500	0	0	1	0	0
0.5	20	0.05	934	500	500	0	0	1	0	0
0.5	20	0.05	935	500	500	0	0	1	0	0
0.5	20	0.05	936	500	500	0	0	1	0	0
0.5	20	0.05	937	500	500	0	0	1	0	0
0.5	20	0.05	938	500	500	0	0	1	0	0
0.5	20	0.05	939	500	500	0	0	1	0	0
0.5	20	0.05	940	500	500	0	0	1	0	0
0.5	20	0.05	941	500	500	0	0	1	0	0
0.5	20	0.05	942	500	500	0	0	1	0	0
0.5	20	0.05	943	500	500	0	0	1	0	0
0.5	20	0.05	944	500	500	0	0	1	0	0
0.5	20	0.05	945	500	500	0	0	1	0	0
0.5	20	0.05	946	500	500	0	0	1	0	0
0.5	20	0.05	947	500	500	0	0	1	0	0
0.5	20	0.05	948	500	500	0	0	1	0	0
0.5	20	0.05	949	500	500	0	0	1	0	0
0.5	20	0.05	950	500	500	0	0	1	0	0
0.5	20	0.05	951	500	500	0	0	1	0	0
0.5	20	0.05	952	500	500	0	0	1	0	0
0.5	20	0.05	953	500	500	0	0	1	0	0
0.5	20	0.05	954	500	500	0	0	1	0	0
0.5	20	0.05	955	500	500	0	0	1	0	0
0.5	20	0.05	956	500	500	0	0	1	0	0
0.5	20	0.05	957	500	500	0	0	1	0	0
0.5	20	0.05	958	500	500	0	0	1	0	0
0.5	20	0.05	959	500	500	0	0	1	0	0
0.5	20	0.05	960	500	500	0	0	1	0	0
0.5	20	0.05	961	500	500	0	0	1	0	0
0.5	20	0.05	962	500	500	0	0	1	0	0
0.5	20	0.05	963	500	500	0	0	1	0	0
0.5	20	0.05	964	500	500	0	0	1	0	0
0.5	20	0.05	965	500	500	0	0	1	0	0
0.5	20	0.05	966	500	500	0	0	1	0	0
0.5	20	0.05	967	500	500	0	0	1	0	0
0.5	20	0.05	968	500	500	0	0	1	0	0
0.5	20	0.05	969	500	500	0	0	1	0	0
0.5	20	0.05	970	500	500	0	0	1	0	0
0.5	20	0.05	971	500	500	0	0	1	0	0
0.5	20	0.05	972	500	500	0	0	1	0	0
0.5	20	0.05	973	500	500	0	0	1	0	0
0.5	20	0.05	974	500	500	0	0	1	0	0
0.5	20	0.05	975	500	500	0	0	1	0	0
0.5	20	0.05	976	500	500	0	0	1	0	0
0.5	20	0.05	977	500	500	0	0	1	0	0
0.5	20	0.05	978	500	500	0	0	1	0	0
0.5	20	0.05	979	500	500	0	0	1	0	0
0.5	20	0.05	980	500	500	0	0	1	0	0
0.5	20	0.05	981	500	500	0	0	1	0	0
0.5	20	0.05	982	500	500	0	0	1	0	0
0.5	20	0.05	983	500	500	0	0	1	0	0
0.5	20	0.05	984	500	500	0	0	1	0	0
0.5	20	0.05	985	500	500	0	0	1	0	0
0.5	20	0.05	986	500	500	0	0	1	0	0
0.5	20	0.05	987	500	500	0	0	1	0	0
0.5	20	0.05	988	500	500	0	0	1	0	0
0.5	20	0.05	989	500	500	0	0	1	0	0
0.5	20	0.05	990	500	500	0	0	1	0	0
0.5	20	0.05	991	500	500	0	0	1	0	0
0.5	20	0.05	992	500	500	0	0	1	0	0
0.5	20	0.05	993	500	500	0	0	1	0	0
0.5	20	0.05	994	500	500	0	0	1	0	0
0.5	20	0.05	995	500	500	0	0	1	0	0
0.5	20	0.05	996	500	500	0	0	1	0	0
0.5	20	0.05	997	500	500	0	0	1	0	0
0.5	20	0.05	998	500	500	0	0	1	0	0
0.5	20	0.05	999	500	500	0	0	1	0	0
0.5	20	0.05	1000	500	500	0	0	1	0	0
