"trueDelta"	"eCrit_upper"	"eCrit_lower"	"n"	"n_reps"	"h1_n"	"h0_n"	"ind_n"	"h1_prob"	"h0_prob"	"ind_prob"
0.42	20	0.05	10	500	1	2	497	0.002	0.004	0.994
0.42	20	0.05	11	500	3	0	497	0.006	0	0.994
0.42	20	0.05	12	500	7	3	490	0.014	0.006	0.98
0.42	20	0.05	13	500	7	10	483	0.014	0.02	0.966
0.42	20	0.05	14	500	18	3	479	0.036	0.006	0.958
0.42	20	0.05	15	500	20	8	472	0.04	0.016	0.944
0.42	20	0.05	16	500	24	9	467	0.048	0.018	0.934
0.42	20	0.05	17	500	40	10	450	0.08	0.02	0.9
0.42	20	0.05	18	500	43	11	446	0.086	0.022	0.892
0.42	20	0.05	19	500	39	15	446	0.078	0.03	0.892
0.42	20	0.05	20	500	47	8	445	0.094	0.016	0.89
0.42	20	0.05	21	500	47	9	444	0.094	0.018	0.888
0.42	20	0.05	22	500	71	15	414	0.142	0.03	0.828
0.42	20	0.05	23	500	65	20	415	0.13	0.04	0.83
0.42	20	0.05	24	500	81	14	405	0.162	0.028	0.81
0.42	20	0.05	25	500	73	21	406	0.146	0.042	0.812
0.42	20	0.05	26	500	85	15	400	0.17	0.03	0.8
0.42	20	0.05	27	500	73	14	413	0.146	0.028	0.826
0.42	20	0.05	28	500	95	13	392	0.19	0.026	0.784
0.42	20	0.05	29	500	87	16	397	0.174	0.032	0.794
0.42	20	0.05	30	500	93	19	388	0.186	0.038	0.776
0.42	20	0.05	31	500	95	23	382	0.19	0.046	0.764
0.42	20	0.05	32	500	109	20	371	0.218	0.04	0.742
0.42	20	0.05	33	500	113	20	367	0.226	0.04	0.734
0.42	20	0.05	34	500	110	26	364	0.22	0.052	0.728
0.42	20	0.05	35	500	114	19	367	0.228	0.038	0.734
0.42	20	0.05	36	500	129	30	341	0.258	0.06	0.682
0.42	20	0.05	37	500	107	20	373	0.214	0.04	0.746
0.42	20	0.05	38	500	119	29	352	0.238	0.058	0.704
0.42	20	0.05	39	500	137	21	342	0.274	0.042	0.684
0.42	20	0.05	40	500	128	24	348	0.256	0.048	0.696
0.42	20	0.05	41	500	139	29	332	0.278	0.058	0.664
0.42	20	0.05	42	500	141	30	329	0.282	0.06	0.658
0.42	20	0.05	43	500	139	24	337	0.278	0.048	0.674
0.42	20	0.05	44	500	136	22	342	0.272	0.044	0.684
0.42	20	0.05	45	500	142	24	334	0.284	0.048	0.668
0.42	20	0.05	46	500	161	19	320	0.322	0.038	0.64
0.42	20	0.05	47	500	162	16	322	0.324	0.032	0.644
0.42	20	0.05	48	500	174	23	303	0.348	0.046	0.606
0.42	20	0.05	49	500	176	25	299	0.352	0.05	0.598
0.42	20	0.05	50	500	175	26	299	0.35	0.052	0.598
0.42	20	0.05	51	500	180	28	292	0.36	0.056	0.584
0.42	20	0.05	52	500	182	21	297	0.364	0.042	0.594
0.42	20	0.05	53	500	189	27	284	0.378	0.054	0.568
0.42	20	0.05	54	500	196	32	272	0.392	0.064	0.544
0.42	20	0.05	55	500	188	33	279	0.376	0.066	0.558
0.42	20	0.05	56	500	175	35	290	0.35	0.07	0.58
0.42	20	0.05	57	500	188	32	280	0.376	0.064	0.56
0.42	20	0.05	58	500	195	33	272	0.39	0.066	0.544
0.42	20	0.05	59	500	196	36	268	0.392	0.072	0.536
0.42	20	0.05	60	500	191	34	275	0.382	0.068	0.55
0.42	20	0.05	61	500	200	31	269	0.4	0.062	0.538
0.42	20	0.05	62	500	214	28	258	0.428	0.056	0.516
0.42	20	0.05	63	500	197	32	271	0.394	0.064	0.542
0.42	20	0.05	64	500	202	27	271	0.404	0.054	0.542
0.42	20	0.05	65	500	212	27	261	0.424	0.054	0.522
0.42	20	0.05	66	500	206	34	260	0.412	0.068	0.52
0.42	20	0.05	67	500	203	28	269	0.406	0.056	0.538
0.42	20	0.05	68	500	198	21	281	0.396	0.042	0.562
0.42	20	0.05	69	500	224	30	246	0.448	0.06	0.492
0.42	20	0.05	70	500	204	24	272	0.408	0.048	0.544
0.42	20	0.05	71	500	219	28	253	0.438	0.056	0.506
0.42	20	0.05	72	500	227	22	251	0.454	0.044	0.502
0.42	20	0.05	73	500	221	30	249	0.442	0.06	0.498
0.42	20	0.05	74	500	234	40	226	0.468	0.08	0.452
0.42	20	0.05	75	500	206	25	269	0.412	0.05	0.538
0.42	20	0.05	76	500	229	27	244	0.458	0.054	0.488
0.42	20	0.05	77	500	226	31	243	0.452	0.062	0.486
0.42	20	0.05	78	500	246	20	234	0.492	0.04	0.468
0.42	20	0.05	79	500	227	40	233	0.454	0.08	0.466
0.42	20	0.05	80	500	243	32	225	0.486	0.064	0.45
0.42	20	0.05	81	500	250	31	219	0.5	0.062	0.438
0.42	20	0.05	82	500	227	30	243	0.454	0.06	0.486
0.42	20	0.05	83	500	244	35	221	0.488	0.07	0.442
0.42	20	0.05	84	500	271	24	205	0.542	0.048	0.41
0.42	20	0.05	85	500	246	28	226	0.492	0.056	0.452
0.42	20	0.05	86	500	251	25	224	0.502	0.05	0.448
0.42	20	0.05	87	500	257	38	205	0.514	0.076	0.41
0.42	20	0.05	88	500	242	28	230	0.484	0.056	0.46
0.42	20	0.05	89	500	245	29	226	0.49	0.058	0.452
0.42	20	0.05	90	500	247	36	217	0.494	0.072	0.434
0.42	20	0.05	91	500	282	27	191	0.564	0.054	0.382
0.42	20	0.05	92	500	251	22	227	0.502	0.044	0.454
0.42	20	0.05	93	500	260	21	219	0.52	0.042	0.438
0.42	20	0.05	94	500	260	35	205	0.52	0.07	0.41
0.42	20	0.05	95	500	281	26	193	0.562	0.052	0.386
0.42	20	0.05	96	500	288	30	182	0.576	0.06	0.364
0.42	20	0.05	97	500	278	26	196	0.556	0.052	0.392
0.42	20	0.05	98	500	272	33	195	0.544	0.066	0.39
0.42	20	0.05	99	500	274	30	196	0.548	0.06	0.392
0.42	20	0.05	100	500	273	36	191	0.546	0.072	0.382
0.42	20	0.05	101	500	280	44	176	0.56	0.088	0.352
0.42	20	0.05	102	500	283	30	187	0.566	0.06	0.374
0.42	20	0.05	103	500	287	30	183	0.574	0.06	0.366
0.42	20	0.05	104	500	286	29	185	0.572	0.058	0.37
0.42	20	0.05	105	500	278	30	192	0.556	0.06	0.384
0.42	20	0.05	106	500	282	33	185	0.564	0.066	0.37
0.42	20	0.05	107	500	275	26	199	0.55	0.052	0.398
0.42	20	0.05	108	500	273	25	202	0.546	0.05	0.404
0.42	20	0.05	109	500	266	37	197	0.532	0.074	0.394
0.42	20	0.05	110	500	291	42	167	0.582	0.084	0.334
0.42	20	0.05	111	500	278	29	193	0.556	0.058	0.386
0.42	20	0.05	112	500	306	32	162	0.612	0.064	0.324
0.42	20	0.05	113	500	291	27	182	0.582	0.054	0.364
0.42	20	0.05	114	500	305	23	172	0.61	0.046	0.344
0.42	20	0.05	115	500	297	33	170	0.594	0.066	0.34
0.42	20	0.05	116	500	287	35	178	0.574	0.07	0.356
0.42	20	0.05	117	500	303	30	167	0.606	0.06	0.334
0.42	20	0.05	118	500	306	23	171	0.612	0.046	0.342
0.42	20	0.05	119	500	300	39	161	0.6	0.078	0.322
0.42	20	0.05	120	500	274	26	200	0.548	0.052	0.4
0.42	20	0.05	121	500	305	35	160	0.61	0.07	0.32
0.42	20	0.05	122	500	311	30	159	0.622	0.06	0.318
0.42	20	0.05	123	500	326	26	148	0.652	0.052	0.296
0.42	20	0.05	124	500	300	30	170	0.6	0.06	0.34
0.42	20	0.05	125	500	305	36	159	0.61	0.072	0.318
0.42	20	0.05	126	500	312	25	163	0.624	0.05	0.326
0.42	20	0.05	127	500	326	26	148	0.652	0.052	0.296
0.42	20	0.05	128	500	305	24	171	0.61	0.048	0.342
0.42	20	0.05	129	500	321	18	161	0.642	0.036	0.322
0.42	20	0.05	130	500	331	24	145	0.662	0.048	0.29
0.42	20	0.05	131	500	312	32	156	0.624	0.064	0.312
0.42	20	0.05	132	500	311	33	156	0.622	0.066	0.312
0.42	20	0.05	133	500	301	28	171	0.602	0.056	0.342
0.42	20	0.05	134	500	318	36	146	0.636	0.072	0.292
0.42	20	0.05	135	500	317	25	158	0.634	0.05	0.316
0.42	20	0.05	136	500	326	21	153	0.652	0.042	0.306
0.42	20	0.05	137	500	336	19	145	0.672	0.038	0.29
0.42	20	0.05	138	500	320	38	142	0.64	0.076	0.284
0.42	20	0.05	139	500	312	29	159	0.624	0.058	0.318
0.42	20	0.05	140	500	326	34	140	0.652	0.068	0.28
0.42	20	0.05	141	500	320	29	151	0.64	0.058	0.302
0.42	20	0.05	142	500	310	28	162	0.62	0.056	0.324
0.42	20	0.05	143	500	341	24	135	0.682	0.048	0.27
0.42	20	0.05	144	500	346	26	128	0.692	0.052	0.256
0.42	20	0.05	145	500	344	21	135	0.688	0.042	0.27
0.42	20	0.05	146	500	334	31	135	0.668	0.062	0.27
0.42	20	0.05	147	500	320	28	152	0.64	0.056	0.304
0.42	20	0.05	148	500	348	20	132	0.696	0.04	0.264
0.42	20	0.05	149	500	353	25	122	0.706	0.05	0.244
0.42	20	0.05	150	500	340	26	134	0.68	0.052	0.268
0.42	20	0.05	151	500	342	24	134	0.684	0.048	0.268
0.42	20	0.05	152	500	350	26	124	0.7	0.052	0.248
0.42	20	0.05	153	500	333	22	145	0.666	0.044	0.29
0.42	20	0.05	154	500	327	23	150	0.654	0.046	0.3
0.42	20	0.05	155	500	338	30	132	0.676	0.06	0.264
0.42	20	0.05	156	500	343	12	145	0.686	0.024	0.29
0.42	20	0.05	157	500	335	32	133	0.67	0.064	0.266
0.42	20	0.05	158	500	333	26	141	0.666	0.052	0.282
0.42	20	0.05	159	500	343	21	136	0.686	0.042	0.272
0.42	20	0.05	160	500	339	24	137	0.678	0.048	0.274
0.42	20	0.05	161	500	352	30	118	0.704	0.06	0.236
0.42	20	0.05	162	500	349	33	118	0.698	0.066	0.236
0.42	20	0.05	163	500	348	30	122	0.696	0.06	0.244
0.42	20	0.05	164	500	342	20	138	0.684	0.04	0.276
0.42	20	0.05	165	500	346	24	130	0.692	0.048	0.26
0.42	20	0.05	166	500	362	19	119	0.724	0.038	0.238
0.42	20	0.05	167	500	350	18	132	0.7	0.036	0.264
0.42	20	0.05	168	500	345	29	126	0.69	0.058	0.252
0.42	20	0.05	169	500	366	31	103	0.732	0.062	0.206
0.42	20	0.05	170	500	359	31	110	0.718	0.062	0.22
0.42	20	0.05	171	500	354	29	117	0.708	0.058	0.234
0.42	20	0.05	172	500	336	30	134	0.672	0.06	0.268
0.42	20	0.05	173	500	367	23	110	0.734	0.046	0.22
0.42	20	0.05	174	500	335	30	135	0.67	0.06	0.27
0.42	20	0.05	175	500	361	23	116	0.722	0.046	0.232
0.42	20	0.05	176	500	361	20	119	0.722	0.04	0.238
0.42	20	0.05	177	500	356	33	111	0.712	0.066	0.222
0.42	20	0.05	178	500	363	18	119	0.726	0.036	0.238
0.42	20	0.05	179	500	362	25	113	0.724	0.05	0.226
0.42	20	0.05	180	500	373	28	99	0.746	0.056	0.198
0.42	20	0.05	181	500	352	27	121	0.704	0.054	0.242
0.42	20	0.05	182	500	374	19	107	0.748	0.038	0.214
0.42	20	0.05	183	500	364	23	113	0.728	0.046	0.226
0.42	20	0.05	184	500	369	21	110	0.738	0.042	0.22
0.42	20	0.05	185	500	372	27	101	0.744	0.054	0.202
0.42	20	0.05	186	500	364	25	111	0.728	0.05	0.222
0.42	20	0.05	187	500	369	26	105	0.738	0.052	0.21
0.42	20	0.05	188	500	363	25	112	0.726	0.05	0.224
0.42	20	0.05	189	500	361	22	117	0.722	0.044	0.234
0.42	20	0.05	190	500	371	22	107	0.742	0.044	0.214
0.42	20	0.05	191	500	382	23	95	0.764	0.046	0.19
0.42	20	0.05	192	500	353	32	115	0.706	0.064	0.23
0.42	20	0.05	193	500	367	15	118	0.734	0.03	0.236
0.42	20	0.05	194	500	388	25	87	0.776	0.05	0.174
0.42	20	0.05	195	500	378	29	93	0.756	0.058	0.186
0.42	20	0.05	196	500	387	17	96	0.774	0.034	0.192
0.42	20	0.05	197	500	383	26	91	0.766	0.052	0.182
0.42	20	0.05	198	500	385	18	97	0.77	0.036	0.194
0.42	20	0.05	199	500	387	19	94	0.774	0.038	0.188
0.42	20	0.05	200	500	386	25	89	0.772	0.05	0.178
0.42	20	0.05	201	500	367	24	109	0.734	0.048	0.218
0.42	20	0.05	202	500	386	13	101	0.772	0.026	0.202
0.42	20	0.05	203	500	391	19	90	0.782	0.038	0.18
0.42	20	0.05	204	500	380	22	98	0.76	0.044	0.196
0.42	20	0.05	205	500	382	28	90	0.764	0.056	0.18
0.42	20	0.05	206	500	377	25	98	0.754	0.05	0.196
0.42	20	0.05	207	500	382	22	96	0.764	0.044	0.192
0.42	20	0.05	208	500	400	16	84	0.8	0.032	0.168
0.42	20	0.05	209	500	364	21	115	0.728	0.042	0.23
0.42	20	0.05	210	500	384	17	99	0.768	0.034	0.198
0.42	20	0.05	211	500	381	21	98	0.762	0.042	0.196
0.42	20	0.05	212	500	397	20	83	0.794	0.04	0.166
0.42	20	0.05	213	500	387	19	94	0.774	0.038	0.188
0.42	20	0.05	214	500	387	19	94	0.774	0.038	0.188
0.42	20	0.05	215	500	386	14	100	0.772	0.028	0.2
0.42	20	0.05	216	500	377	17	106	0.754	0.034	0.212
0.42	20	0.05	217	500	387	18	95	0.774	0.036	0.19
0.42	20	0.05	218	500	383	23	94	0.766	0.046	0.188
0.42	20	0.05	219	500	385	12	103	0.77	0.024	0.206
0.42	20	0.05	220	500	396	20	84	0.792	0.04	0.168
0.42	20	0.05	221	500	388	25	87	0.776	0.05	0.174
0.42	20	0.05	222	500	406	10	84	0.812	0.02	0.168
0.42	20	0.05	223	500	403	19	78	0.806	0.038	0.156
0.42	20	0.05	224	500	390	20	90	0.78	0.04	0.18
0.42	20	0.05	225	500	393	17	90	0.786	0.034	0.18
0.42	20	0.05	226	500	400	21	79	0.8	0.042	0.158
0.42	20	0.05	227	500	391	23	86	0.782	0.046	0.172
0.42	20	0.05	228	500	398	15	87	0.796	0.03	0.174
0.42	20	0.05	229	500	395	24	81	0.79	0.048	0.162
0.42	20	0.05	230	500	390	14	96	0.78	0.028	0.192
0.42	20	0.05	231	500	392	25	83	0.784	0.05	0.166
0.42	20	0.05	232	500	393	21	86	0.786	0.042	0.172
0.42	20	0.05	233	500	378	34	88	0.756	0.068	0.176
0.42	20	0.05	234	500	388	20	92	0.776	0.04	0.184
0.42	20	0.05	235	500	399	22	79	0.798	0.044	0.158
0.42	20	0.05	236	500	388	10	102	0.776	0.02	0.204
0.42	20	0.05	237	500	412	18	70	0.824	0.036	0.14
0.42	20	0.05	238	500	410	8	82	0.82	0.016	0.164
0.42	20	0.05	239	500	397	27	76	0.794	0.054	0.152
0.42	20	0.05	240	500	391	28	81	0.782	0.056	0.162
0.42	20	0.05	241	500	407	19	74	0.814	0.038	0.148
0.42	20	0.05	242	500	386	22	92	0.772	0.044	0.184
0.42	20	0.05	243	500	399	12	89	0.798	0.024	0.178
0.42	20	0.05	244	500	402	20	78	0.804	0.04	0.156
0.42	20	0.05	245	500	400	17	83	0.8	0.034	0.166
0.42	20	0.05	246	500	390	22	88	0.78	0.044	0.176
0.42	20	0.05	247	500	413	11	76	0.826	0.022	0.152
0.42	20	0.05	248	500	416	18	66	0.832	0.036	0.132
0.42	20	0.05	249	500	401	22	77	0.802	0.044	0.154
0.42	20	0.05	250	500	399	16	85	0.798	0.032	0.17
0.42	20	0.05	251	500	411	16	73	0.822	0.032	0.146
0.42	20	0.05	252	500	410	15	75	0.82	0.03	0.15
0.42	20	0.05	253	500	400	18	82	0.8	0.036	0.164
0.42	20	0.05	254	500	425	15	60	0.85	0.03	0.12
0.42	20	0.05	255	500	400	21	79	0.8	0.042	0.158
0.42	20	0.05	256	500	396	20	84	0.792	0.04	0.168
0.42	20	0.05	257	500	404	15	81	0.808	0.03	0.162
0.42	20	0.05	258	500	418	14	68	0.836	0.028	0.136
0.42	20	0.05	259	500	416	17	67	0.832	0.034	0.134
0.42	20	0.05	260	500	425	15	60	0.85	0.03	0.12
0.42	20	0.05	261	500	411	19	70	0.822	0.038	0.14
0.42	20	0.05	262	500	408	21	71	0.816	0.042	0.142
0.42	20	0.05	263	500	413	13	74	0.826	0.026	0.148
0.42	20	0.05	264	500	399	29	72	0.798	0.058	0.144
0.42	20	0.05	265	500	399	17	84	0.798	0.034	0.168
0.42	20	0.05	266	500	422	8	70	0.844	0.016	0.14
0.42	20	0.05	267	500	420	19	61	0.84	0.038	0.122
0.42	20	0.05	268	500	406	15	79	0.812	0.03	0.158
0.42	20	0.05	269	500	395	23	82	0.79	0.046	0.164
0.42	20	0.05	270	500	423	15	62	0.846	0.03	0.124
0.42	20	0.05	271	500	403	22	75	0.806	0.044	0.15
0.42	20	0.05	272	500	417	13	70	0.834	0.026	0.14
0.42	20	0.05	273	500	411	13	76	0.822	0.026	0.152
0.42	20	0.05	274	500	418	14	68	0.836	0.028	0.136
0.42	20	0.05	275	500	401	16	83	0.802	0.032	0.166
0.42	20	0.05	276	500	427	15	58	0.854	0.03	0.116
0.42	20	0.05	277	500	414	20	66	0.828	0.04	0.132
0.42	20	0.05	278	500	410	15	75	0.82	0.03	0.15
0.42	20	0.05	279	500	408	15	77	0.816	0.03	0.154
0.42	20	0.05	280	500	412	16	72	0.824	0.032	0.144
0.42	20	0.05	281	500	417	13	70	0.834	0.026	0.14
0.42	20	0.05	282	500	432	11	57	0.864	0.022	0.114
0.42	20	0.05	283	500	422	22	56	0.844	0.044	0.112
0.42	20	0.05	284	500	413	20	67	0.826	0.04	0.134
0.42	20	0.05	285	500	422	12	66	0.844	0.024	0.132
0.42	20	0.05	286	500	428	16	56	0.856	0.032	0.112
0.42	20	0.05	287	500	422	19	59	0.844	0.038	0.118
0.42	20	0.05	288	500	418	19	63	0.836	0.038	0.126
0.42	20	0.05	289	500	426	10	64	0.852	0.02	0.128
0.42	20	0.05	290	500	430	9	61	0.86	0.018	0.122
0.42	20	0.05	291	500	408	13	79	0.816	0.026	0.158
0.42	20	0.05	292	500	438	13	49	0.876	0.026	0.098
0.42	20	0.05	293	500	425	14	61	0.85	0.028	0.122
0.42	20	0.05	294	500	427	19	54	0.854	0.038	0.108
0.42	20	0.05	295	500	426	12	62	0.852	0.024	0.124
0.42	20	0.05	296	500	431	10	59	0.862	0.02	0.118
0.42	20	0.05	297	500	421	12	67	0.842	0.024	0.134
0.42	20	0.05	298	500	435	13	52	0.87	0.026	0.104
0.42	20	0.05	299	500	420	24	56	0.84	0.048	0.112
0.42	20	0.05	300	500	430	19	51	0.86	0.038	0.102
0.42	20	0.05	301	500	423	16	61	0.846	0.032	0.122
0.42	20	0.05	302	500	436	13	51	0.872	0.026	0.102
0.42	20	0.05	303	500	427	10	63	0.854	0.02	0.126
0.42	20	0.05	304	500	421	13	66	0.842	0.026	0.132
0.42	20	0.05	305	500	438	13	49	0.876	0.026	0.098
0.42	20	0.05	306	500	425	18	57	0.85	0.036	0.114
0.42	20	0.05	307	500	432	11	57	0.864	0.022	0.114
0.42	20	0.05	308	500	429	13	58	0.858	0.026	0.116
0.42	20	0.05	309	500	440	12	48	0.88	0.024	0.096
0.42	20	0.05	310	500	429	14	57	0.858	0.028	0.114
0.42	20	0.05	311	500	420	19	61	0.84	0.038	0.122
0.42	20	0.05	312	500	434	9	57	0.868	0.018	0.114
0.42	20	0.05	313	500	434	10	56	0.868	0.02	0.112
0.42	20	0.05	314	500	437	14	49	0.874	0.028	0.098
0.42	20	0.05	315	500	429	14	57	0.858	0.028	0.114
0.42	20	0.05	316	500	423	15	62	0.846	0.03	0.124
0.42	20	0.05	317	500	424	13	63	0.848	0.026	0.126
0.42	20	0.05	318	500	424	19	57	0.848	0.038	0.114
0.42	20	0.05	319	500	441	13	46	0.882	0.026	0.092
0.42	20	0.05	320	500	443	17	40	0.886	0.034	0.08
0.42	20	0.05	321	500	426	9	65	0.852	0.018	0.13
0.42	20	0.05	322	500	430	12	58	0.86	0.024	0.116
0.42	20	0.05	323	500	428	17	55	0.856	0.034	0.11
0.42	20	0.05	324	500	448	11	41	0.896	0.022	0.082
0.42	20	0.05	325	500	434	16	50	0.868	0.032	0.1
0.42	20	0.05	326	500	429	20	51	0.858	0.04	0.102
0.42	20	0.05	327	500	439	6	55	0.878	0.012	0.11
0.42	20	0.05	328	500	445	17	38	0.89	0.034	0.076
0.42	20	0.05	329	500	428	18	54	0.856	0.036	0.108
0.42	20	0.05	330	500	437	8	55	0.874	0.016	0.11
0.42	20	0.05	331	500	444	14	42	0.888	0.028	0.084
0.42	20	0.05	332	500	437	9	54	0.874	0.018	0.108
0.42	20	0.05	333	500	432	12	56	0.864	0.024	0.112
0.42	20	0.05	334	500	445	15	40	0.89	0.03	0.08
0.42	20	0.05	335	500	430	9	61	0.86	0.018	0.122
0.42	20	0.05	336	500	441	9	50	0.882	0.018	0.1
0.42	20	0.05	337	500	444	10	46	0.888	0.02	0.092
0.42	20	0.05	338	500	442	18	40	0.884	0.036	0.08
0.42	20	0.05	339	500	437	15	48	0.874	0.03	0.096
0.42	20	0.05	340	500	444	17	39	0.888	0.034	0.078
0.42	20	0.05	341	500	445	16	39	0.89	0.032	0.078
0.42	20	0.05	342	500	444	14	42	0.888	0.028	0.084
0.42	20	0.05	343	500	448	12	40	0.896	0.024	0.08
0.42	20	0.05	344	500	445	12	43	0.89	0.024	0.086
0.42	20	0.05	345	500	445	11	44	0.89	0.022	0.088
0.42	20	0.05	346	500	436	14	50	0.872	0.028	0.1
0.42	20	0.05	347	500	440	7	53	0.88	0.014	0.106
0.42	20	0.05	348	500	440	14	46	0.88	0.028	0.092
0.42	20	0.05	349	500	457	8	35	0.914	0.016	0.07
0.42	20	0.05	350	500	436	12	52	0.872	0.024	0.104
0.42	20	0.05	351	500	453	7	40	0.906	0.014	0.08
0.42	20	0.05	352	500	437	13	50	0.874	0.026	0.1
0.42	20	0.05	353	500	453	8	39	0.906	0.016	0.078
0.42	20	0.05	354	500	443	13	44	0.886	0.026	0.088
0.42	20	0.05	355	500	428	10	62	0.856	0.02	0.124
0.42	20	0.05	356	500	445	15	40	0.89	0.03	0.08
0.42	20	0.05	357	500	443	12	45	0.886	0.024	0.09
0.42	20	0.05	358	500	448	9	43	0.896	0.018	0.086
0.42	20	0.05	359	500	449	7	44	0.898	0.014	0.088
0.42	20	0.05	360	500	445	8	47	0.89	0.016	0.094
0.42	20	0.05	361	500	452	4	44	0.904	0.008	0.088
0.42	20	0.05	362	500	449	15	36	0.898	0.03	0.072
0.42	20	0.05	363	500	435	8	57	0.87	0.016	0.114
0.42	20	0.05	364	500	437	14	49	0.874	0.028	0.098
0.42	20	0.05	365	500	442	17	41	0.884	0.034	0.082
0.42	20	0.05	366	500	442	10	48	0.884	0.02	0.096
0.42	20	0.05	367	500	445	10	45	0.89	0.02	0.09
0.42	20	0.05	368	500	445	10	45	0.89	0.02	0.09
0.42	20	0.05	369	500	448	15	37	0.896	0.03	0.074
0.42	20	0.05	370	500	448	20	32	0.896	0.04	0.064
0.42	20	0.05	371	500	441	12	47	0.882	0.024	0.094
0.42	20	0.05	372	500	445	13	42	0.89	0.026	0.084
0.42	20	0.05	373	500	452	8	40	0.904	0.016	0.08
0.42	20	0.05	374	500	436	12	52	0.872	0.024	0.104
0.42	20	0.05	375	500	445	9	46	0.89	0.018	0.092
0.42	20	0.05	376	500	443	19	38	0.886	0.038	0.076
0.42	20	0.05	377	500	454	17	29	0.908	0.034	0.058
0.42	20	0.05	378	500	450	12	38	0.9	0.024	0.076
0.42	20	0.05	379	500	444	11	45	0.888	0.022	0.09
0.42	20	0.05	380	500	453	9	38	0.906	0.018	0.076
0.42	20	0.05	381	500	450	9	41	0.9	0.018	0.082
0.42	20	0.05	382	500	463	9	28	0.926	0.018	0.056
0.42	20	0.05	383	500	449	10	41	0.898	0.02	0.082
0.42	20	0.05	384	500	453	12	35	0.906	0.024	0.07
0.42	20	0.05	385	500	452	11	37	0.904	0.022	0.074
0.42	20	0.05	386	500	448	11	41	0.896	0.022	0.082
0.42	20	0.05	387	500	462	12	26	0.924	0.024	0.052
0.42	20	0.05	388	500	445	16	39	0.89	0.032	0.078
0.42	20	0.05	389	500	447	10	43	0.894	0.02	0.086
0.42	20	0.05	390	500	445	9	46	0.89	0.018	0.092
0.42	20	0.05	391	500	447	8	45	0.894	0.016	0.09
0.42	20	0.05	392	500	453	9	38	0.906	0.018	0.076
0.42	20	0.05	393	500	456	11	33	0.912	0.022	0.066
0.42	20	0.05	394	500	443	10	47	0.886	0.02	0.094
0.42	20	0.05	395	500	457	12	31	0.914	0.024	0.062
0.42	20	0.05	396	500	456	9	35	0.912	0.018	0.07
0.42	20	0.05	397	500	448	10	42	0.896	0.02	0.084
0.42	20	0.05	398	500	456	10	34	0.912	0.02	0.068
0.42	20	0.05	399	500	458	7	35	0.916	0.014	0.07
0.42	20	0.05	400	500	459	11	30	0.918	0.022	0.06
0.42	20	0.05	401	500	463	11	26	0.926	0.022	0.052
0.42	20	0.05	402	500	450	11	39	0.9	0.022	0.078
0.42	20	0.05	403	500	453	17	30	0.906	0.034	0.06
0.42	20	0.05	404	500	460	4	36	0.92	0.008	0.072
0.42	20	0.05	405	500	448	15	37	0.896	0.03	0.074
0.42	20	0.05	406	500	455	10	35	0.91	0.02	0.07
0.42	20	0.05	407	500	466	12	22	0.932	0.024	0.044
0.42	20	0.05	408	500	453	13	34	0.906	0.026	0.068
0.42	20	0.05	409	500	446	10	44	0.892	0.02	0.088
0.42	20	0.05	410	500	455	12	33	0.91	0.024	0.066
0.42	20	0.05	411	500	445	9	46	0.89	0.018	0.092
0.42	20	0.05	412	500	456	9	35	0.912	0.018	0.07
0.42	20	0.05	413	500	464	6	30	0.928	0.012	0.06
0.42	20	0.05	414	500	455	9	36	0.91	0.018	0.072
0.42	20	0.05	415	500	453	14	33	0.906	0.028	0.066
0.42	20	0.05	416	500	458	11	31	0.916	0.022	0.062
0.42	20	0.05	417	500	454	10	36	0.908	0.02	0.072
0.42	20	0.05	418	500	453	5	42	0.906	0.01	0.084
0.42	20	0.05	419	500	460	14	26	0.92	0.028	0.052
0.42	20	0.05	420	500	454	6	40	0.908	0.012	0.08
0.42	20	0.05	421	500	463	8	29	0.926	0.016	0.058
0.42	20	0.05	422	500	446	13	41	0.892	0.026	0.082
0.42	20	0.05	423	500	457	10	33	0.914	0.02	0.066
0.42	20	0.05	424	500	453	6	41	0.906	0.012	0.082
0.42	20	0.05	425	500	463	9	28	0.926	0.018	0.056
0.42	20	0.05	426	500	467	6	27	0.934	0.012	0.054
0.42	20	0.05	427	500	462	6	32	0.924	0.012	0.064
0.42	20	0.05	428	500	467	6	27	0.934	0.012	0.054
0.42	20	0.05	429	500	461	15	24	0.922	0.03	0.048
0.42	20	0.05	430	500	457	10	33	0.914	0.02	0.066
0.42	20	0.05	431	500	461	9	30	0.922	0.018	0.06
0.42	20	0.05	432	500	461	11	28	0.922	0.022	0.056
0.42	20	0.05	433	500	457	9	34	0.914	0.018	0.068
0.42	20	0.05	434	500	462	3	35	0.924	0.006	0.07
0.42	20	0.05	435	500	463	10	27	0.926	0.02	0.054
0.42	20	0.05	436	500	464	8	28	0.928	0.016	0.056
0.42	20	0.05	437	500	466	8	26	0.932	0.016	0.052
0.42	20	0.05	438	500	465	11	24	0.93	0.022	0.048
0.42	20	0.05	439	500	456	9	35	0.912	0.018	0.07
0.42	20	0.05	440	500	462	15	23	0.924	0.03	0.046
0.42	20	0.05	441	500	455	13	32	0.91	0.026	0.064
0.42	20	0.05	442	500	474	5	21	0.948	0.01	0.042
0.42	20	0.05	443	500	458	8	34	0.916	0.016	0.068
0.42	20	0.05	444	500	460	9	31	0.92	0.018	0.062
0.42	20	0.05	445	500	476	5	19	0.952	0.01	0.038
0.42	20	0.05	446	500	475	5	20	0.95	0.01	0.04
0.42	20	0.05	447	500	460	6	34	0.92	0.012	0.068
0.42	20	0.05	448	500	460	15	25	0.92	0.03	0.05
0.42	20	0.05	449	500	457	15	28	0.914	0.03	0.056
0.42	20	0.05	450	500	469	9	22	0.938	0.018	0.044
0.42	20	0.05	451	500	467	2	31	0.934	0.004	0.062
0.42	20	0.05	452	500	470	9	21	0.94	0.018	0.042
0.42	20	0.05	453	500	463	11	26	0.926	0.022	0.052
0.42	20	0.05	454	500	460	10	30	0.92	0.02	0.06
0.42	20	0.05	455	500	467	10	23	0.934	0.02	0.046
0.42	20	0.05	456	500	464	11	25	0.928	0.022	0.05
0.42	20	0.05	457	500	460	4	36	0.92	0.008	0.072
0.42	20	0.05	458	500	464	7	29	0.928	0.014	0.058
0.42	20	0.05	459	500	468	8	24	0.936	0.016	0.048
0.42	20	0.05	460	500	467	10	23	0.934	0.02	0.046
0.42	20	0.05	461	500	458	13	29	0.916	0.026	0.058
0.42	20	0.05	462	500	467	5	28	0.934	0.01	0.056
0.42	20	0.05	463	500	466	7	27	0.932	0.014	0.054
0.42	20	0.05	464	500	459	12	29	0.918	0.024	0.058
0.42	20	0.05	465	500	455	12	33	0.91	0.024	0.066
0.42	20	0.05	466	500	466	9	25	0.932	0.018	0.05
0.42	20	0.05	467	500	472	1	27	0.944	0.002	0.054
0.42	20	0.05	468	500	474	7	19	0.948	0.014	0.038
0.42	20	0.05	469	500	464	5	31	0.928	0.01	0.062
0.42	20	0.05	470	500	467	9	24	0.934	0.018	0.048
0.42	20	0.05	471	500	469	4	27	0.938	0.008	0.054
0.42	20	0.05	472	500	473	8	19	0.946	0.016	0.038
0.42	20	0.05	473	500	463	6	31	0.926	0.012	0.062
0.42	20	0.05	474	500	467	9	24	0.934	0.018	0.048
0.42	20	0.05	475	500	471	7	22	0.942	0.014	0.044
0.42	20	0.05	476	500	462	10	28	0.924	0.02	0.056
0.42	20	0.05	477	500	462	9	29	0.924	0.018	0.058
0.42	20	0.05	478	500	473	6	21	0.946	0.012	0.042
0.42	20	0.05	479	500	470	4	26	0.94	0.008	0.052
0.42	20	0.05	480	500	465	6	29	0.93	0.012	0.058
0.42	20	0.05	481	500	462	8	30	0.924	0.016	0.06
0.42	20	0.05	482	500	455	9	36	0.91	0.018	0.072
0.42	20	0.05	483	500	472	9	19	0.944	0.018	0.038
0.42	20	0.05	484	500	471	8	21	0.942	0.016	0.042
0.42	20	0.05	485	500	469	11	20	0.938	0.022	0.04
0.42	20	0.05	486	500	479	3	18	0.958	0.006	0.036
0.42	20	0.05	487	500	473	12	15	0.946	0.024	0.03
0.42	20	0.05	488	500	467	8	25	0.934	0.016	0.05
0.42	20	0.05	489	500	471	8	21	0.942	0.016	0.042
0.42	20	0.05	490	500	472	8	20	0.944	0.016	0.04
0.42	20	0.05	491	500	465	7	28	0.93	0.014	0.056
0.42	20	0.05	492	500	477	4	19	0.954	0.008	0.038
0.42	20	0.05	493	500	471	9	20	0.942	0.018	0.04
0.42	20	0.05	494	500	471	6	23	0.942	0.012	0.046
0.42	20	0.05	495	500	460	7	33	0.92	0.014	0.066
0.42	20	0.05	496	500	473	6	21	0.946	0.012	0.042
0.42	20	0.05	497	500	452	9	39	0.904	0.018	0.078
0.42	20	0.05	498	500	468	7	25	0.936	0.014	0.05
0.42	20	0.05	499	500	459	11	30	0.918	0.022	0.06
0.42	20	0.05	500	500	472	9	19	0.944	0.018	0.038
0.42	20	0.05	501	500	468	6	26	0.936	0.012	0.052
0.42	20	0.05	502	500	466	4	30	0.932	0.008	0.06
0.42	20	0.05	503	500	472	2	26	0.944	0.004	0.052
0.42	20	0.05	504	500	472	6	22	0.944	0.012	0.044
0.42	20	0.05	505	500	477	5	18	0.954	0.01	0.036
0.42	20	0.05	506	500	480	4	16	0.96	0.008	0.032
0.42	20	0.05	507	500	466	7	27	0.932	0.014	0.054
0.42	20	0.05	508	500	475	5	20	0.95	0.01	0.04
0.42	20	0.05	509	500	471	7	22	0.942	0.014	0.044
0.42	20	0.05	510	500	473	6	21	0.946	0.012	0.042
0.42	20	0.05	511	500	470	8	22	0.94	0.016	0.044
0.42	20	0.05	512	500	475	7	18	0.95	0.014	0.036
0.42	20	0.05	513	500	468	7	25	0.936	0.014	0.05
0.42	20	0.05	514	500	469	7	24	0.938	0.014	0.048
0.42	20	0.05	515	500	468	7	25	0.936	0.014	0.05
0.42	20	0.05	516	500	471	6	23	0.942	0.012	0.046
0.42	20	0.05	517	500	473	3	24	0.946	0.006	0.048
0.42	20	0.05	518	500	470	8	22	0.94	0.016	0.044
0.42	20	0.05	519	500	469	10	21	0.938	0.02	0.042
0.42	20	0.05	520	500	471	3	26	0.942	0.006	0.052
0.42	20	0.05	521	500	474	8	18	0.948	0.016	0.036
0.42	20	0.05	522	500	477	4	19	0.954	0.008	0.038
0.42	20	0.05	523	500	473	7	20	0.946	0.014	0.04
0.42	20	0.05	524	500	474	4	22	0.948	0.008	0.044
0.42	20	0.05	525	500	471	6	23	0.942	0.012	0.046
0.42	20	0.05	526	500	477	7	16	0.954	0.014	0.032
0.42	20	0.05	527	500	475	7	18	0.95	0.014	0.036
0.42	20	0.05	528	500	474	8	18	0.948	0.016	0.036
0.42	20	0.05	529	500	476	8	16	0.952	0.016	0.032
0.42	20	0.05	530	500	475	4	21	0.95	0.008	0.042
0.42	20	0.05	531	500	476	10	14	0.952	0.02	0.028
0.42	20	0.05	532	500	470	7	23	0.94	0.014	0.046
0.42	20	0.05	533	500	475	8	17	0.95	0.016	0.034
0.42	20	0.05	534	500	480	5	15	0.96	0.01	0.03
0.42	20	0.05	535	500	472	6	22	0.944	0.012	0.044
0.42	20	0.05	536	500	474	8	18	0.948	0.016	0.036
0.42	20	0.05	537	500	469	8	23	0.938	0.016	0.046
0.42	20	0.05	538	500	478	6	16	0.956	0.012	0.032
0.42	20	0.05	539	500	474	6	20	0.948	0.012	0.04
0.42	20	0.05	540	500	478	5	17	0.956	0.01	0.034
0.42	20	0.05	541	500	475	9	16	0.95	0.018	0.032
0.42	20	0.05	542	500	475	8	17	0.95	0.016	0.034
0.42	20	0.05	543	500	481	3	16	0.962	0.006	0.032
0.42	20	0.05	544	500	472	6	22	0.944	0.012	0.044
0.42	20	0.05	545	500	472	13	15	0.944	0.026	0.03
0.42	20	0.05	546	500	475	4	21	0.95	0.008	0.042
0.42	20	0.05	547	500	474	6	20	0.948	0.012	0.04
0.42	20	0.05	548	500	468	10	22	0.936	0.02	0.044
0.42	20	0.05	549	500	480	3	17	0.96	0.006	0.034
0.42	20	0.05	550	500	479	6	15	0.958	0.012	0.03
0.42	20	0.05	551	500	481	4	15	0.962	0.008	0.03
0.42	20	0.05	552	500	482	5	13	0.964	0.01	0.026
0.42	20	0.05	553	500	480	6	14	0.96	0.012	0.028
0.42	20	0.05	554	500	485	3	12	0.97	0.006	0.024
0.42	20	0.05	555	500	472	5	23	0.944	0.01	0.046
0.42	20	0.05	556	500	477	7	16	0.954	0.014	0.032
0.42	20	0.05	557	500	485	3	12	0.97	0.006	0.024
0.42	20	0.05	558	500	473	7	20	0.946	0.014	0.04
0.42	20	0.05	559	500	469	8	23	0.938	0.016	0.046
0.42	20	0.05	560	500	486	6	8	0.972	0.012	0.016
0.42	20	0.05	561	500	479	6	15	0.958	0.012	0.03
0.42	20	0.05	562	500	481	4	15	0.962	0.008	0.03
0.42	20	0.05	563	500	479	7	14	0.958	0.014	0.028
0.42	20	0.05	564	500	484	6	10	0.968	0.012	0.02
0.42	20	0.05	565	500	477	5	18	0.954	0.01	0.036
0.42	20	0.05	566	500	473	7	20	0.946	0.014	0.04
0.42	20	0.05	567	500	472	9	19	0.944	0.018	0.038
0.42	20	0.05	568	500	474	9	17	0.948	0.018	0.034
0.42	20	0.05	569	500	481	5	14	0.962	0.01	0.028
0.42	20	0.05	570	500	477	6	17	0.954	0.012	0.034
0.42	20	0.05	571	500	488	2	10	0.976	0.004	0.02
0.42	20	0.05	572	500	479	1	20	0.958	0.002	0.04
0.42	20	0.05	573	500	484	4	12	0.968	0.008	0.024
0.42	20	0.05	574	500	477	5	18	0.954	0.01	0.036
0.42	20	0.05	575	500	483	3	14	0.966	0.006	0.028
0.42	20	0.05	576	500	482	3	15	0.964	0.006	0.03
0.42	20	0.05	577	500	477	5	18	0.954	0.01	0.036
0.42	20	0.05	578	500	477	5	18	0.954	0.01	0.036
0.42	20	0.05	579	500	486	3	11	0.972	0.006	0.022
0.42	20	0.05	580	500	481	2	17	0.962	0.004	0.034
0.42	20	0.05	581	500	482	6	12	0.964	0.012	0.024
0.42	20	0.05	582	500	478	7	15	0.956	0.014	0.03
0.42	20	0.05	583	500	470	7	23	0.94	0.014	0.046
0.42	20	0.05	584	500	481	4	15	0.962	0.008	0.03
0.42	20	0.05	585	500	481	4	15	0.962	0.008	0.03
0.42	20	0.05	586	500	477	3	20	0.954	0.006	0.04
0.42	20	0.05	587	500	482	5	13	0.964	0.01	0.026
0.42	20	0.05	588	500	488	1	11	0.976	0.002	0.022
0.42	20	0.05	589	500	479	5	16	0.958	0.01	0.032
0.42	20	0.05	590	500	476	5	19	0.952	0.01	0.038
0.42	20	0.05	591	500	477	7	16	0.954	0.014	0.032
0.42	20	0.05	592	500	477	5	18	0.954	0.01	0.036
0.42	20	0.05	593	500	484	4	12	0.968	0.008	0.024
0.42	20	0.05	594	500	479	5	16	0.958	0.01	0.032
0.42	20	0.05	595	500	478	2	20	0.956	0.004	0.04
0.42	20	0.05	596	500	485	3	12	0.97	0.006	0.024
0.42	20	0.05	597	500	480	9	11	0.96	0.018	0.022
0.42	20	0.05	598	500	481	5	14	0.962	0.01	0.028
0.42	20	0.05	599	500	476	4	20	0.952	0.008	0.04
0.42	20	0.05	600	500	490	2	8	0.98	0.004	0.016
0.42	20	0.05	601	500	480	6	14	0.96	0.012	0.028
0.42	20	0.05	602	500	478	2	20	0.956	0.004	0.04
0.42	20	0.05	603	500	477	7	16	0.954	0.014	0.032
0.42	20	0.05	604	500	477	7	16	0.954	0.014	0.032
0.42	20	0.05	605	500	487	2	11	0.974	0.004	0.022
0.42	20	0.05	606	500	475	7	18	0.95	0.014	0.036
0.42	20	0.05	607	500	475	7	18	0.95	0.014	0.036
0.42	20	0.05	608	500	476	5	19	0.952	0.01	0.038
0.42	20	0.05	609	500	491	2	7	0.982	0.004	0.014
0.42	20	0.05	610	500	480	3	17	0.96	0.006	0.034
0.42	20	0.05	611	500	486	5	9	0.972	0.01	0.018
0.42	20	0.05	612	500	488	3	9	0.976	0.006	0.018
0.42	20	0.05	613	500	478	4	18	0.956	0.008	0.036
0.42	20	0.05	614	500	479	5	16	0.958	0.01	0.032
0.42	20	0.05	615	500	481	3	16	0.962	0.006	0.032
0.42	20	0.05	616	500	477	8	15	0.954	0.016	0.03
0.42	20	0.05	617	500	476	7	17	0.952	0.014	0.034
0.42	20	0.05	618	500	477	3	20	0.954	0.006	0.04
0.42	20	0.05	619	500	481	6	13	0.962	0.012	0.026
0.42	20	0.05	620	500	488	3	9	0.976	0.006	0.018
0.42	20	0.05	621	500	483	4	13	0.966	0.008	0.026
0.42	20	0.05	622	500	487	3	10	0.974	0.006	0.02
0.42	20	0.05	623	500	487	2	11	0.974	0.004	0.022
0.42	20	0.05	624	500	479	8	13	0.958	0.016	0.026
0.42	20	0.05	625	500	482	9	9	0.964	0.018	0.018
0.42	20	0.05	626	500	490	2	8	0.98	0.004	0.016
0.42	20	0.05	627	500	484	5	11	0.968	0.01	0.022
0.42	20	0.05	628	500	488	6	6	0.976	0.012	0.012
0.42	20	0.05	629	500	486	1	13	0.972	0.002	0.026
0.42	20	0.05	630	500	485	2	13	0.97	0.004	0.026
0.42	20	0.05	631	500	485	4	11	0.97	0.008	0.022
0.42	20	0.05	632	500	483	3	14	0.966	0.006	0.028
0.42	20	0.05	633	500	478	7	15	0.956	0.014	0.03
0.42	20	0.05	634	500	491	3	6	0.982	0.006	0.012
0.42	20	0.05	635	500	477	4	19	0.954	0.008	0.038
0.42	20	0.05	636	500	486	5	9	0.972	0.01	0.018
0.42	20	0.05	637	500	484	2	14	0.968	0.004	0.028
0.42	20	0.05	638	500	480	7	13	0.96	0.014	0.026
0.42	20	0.05	639	500	486	3	11	0.972	0.006	0.022
0.42	20	0.05	640	500	483	6	11	0.966	0.012	0.022
0.42	20	0.05	641	500	483	2	15	0.966	0.004	0.03
0.42	20	0.05	642	500	480	2	18	0.96	0.004	0.036
0.42	20	0.05	643	500	481	6	13	0.962	0.012	0.026
0.42	20	0.05	644	500	481	4	15	0.962	0.008	0.03
0.42	20	0.05	645	500	482	2	16	0.964	0.004	0.032
0.42	20	0.05	646	500	482	0	18	0.964	0	0.036
0.42	20	0.05	647	500	479	4	17	0.958	0.008	0.034
0.42	20	0.05	648	500	482	2	16	0.964	0.004	0.032
0.42	20	0.05	649	500	484	4	12	0.968	0.008	0.024
0.42	20	0.05	650	500	479	9	12	0.958	0.018	0.024
0.42	20	0.05	651	500	483	3	14	0.966	0.006	0.028
0.42	20	0.05	652	500	488	1	11	0.976	0.002	0.022
0.42	20	0.05	653	500	486	6	8	0.972	0.012	0.016
0.42	20	0.05	654	500	489	2	9	0.978	0.004	0.018
0.42	20	0.05	655	500	478	2	20	0.956	0.004	0.04
0.42	20	0.05	656	500	485	3	12	0.97	0.006	0.024
0.42	20	0.05	657	500	486	5	9	0.972	0.01	0.018
0.42	20	0.05	658	500	475	5	20	0.95	0.01	0.04
0.42	20	0.05	659	500	486	1	13	0.972	0.002	0.026
0.42	20	0.05	660	500	485	2	13	0.97	0.004	0.026
0.42	20	0.05	661	500	486	1	13	0.972	0.002	0.026
0.42	20	0.05	662	500	488	4	8	0.976	0.008	0.016
0.42	20	0.05	663	500	485	5	10	0.97	0.01	0.02
0.42	20	0.05	664	500	484	5	11	0.968	0.01	0.022
0.42	20	0.05	665	500	485	5	10	0.97	0.01	0.02
0.42	20	0.05	666	500	487	4	9	0.974	0.008	0.018
0.42	20	0.05	667	500	486	5	9	0.972	0.01	0.018
0.42	20	0.05	668	500	490	2	8	0.98	0.004	0.016
0.42	20	0.05	669	500	484	5	11	0.968	0.01	0.022
0.42	20	0.05	670	500	487	2	11	0.974	0.004	0.022
0.42	20	0.05	671	500	486	4	10	0.972	0.008	0.02
0.42	20	0.05	672	500	485	4	11	0.97	0.008	0.022
0.42	20	0.05	673	500	492	2	6	0.984	0.004	0.012
0.42	20	0.05	674	500	485	3	12	0.97	0.006	0.024
0.42	20	0.05	675	500	495	1	4	0.99	0.002	0.008
0.42	20	0.05	676	500	485	5	10	0.97	0.01	0.02
0.42	20	0.05	677	500	485	3	12	0.97	0.006	0.024
0.42	20	0.05	678	500	490	4	6	0.98	0.008	0.012
0.42	20	0.05	679	500	483	3	14	0.966	0.006	0.028
0.42	20	0.05	680	500	489	4	7	0.978	0.008	0.014
0.42	20	0.05	681	500	485	4	11	0.97	0.008	0.022
0.42	20	0.05	682	500	487	1	12	0.974	0.002	0.024
0.42	20	0.05	683	500	493	2	5	0.986	0.004	0.01
0.42	20	0.05	684	500	487	3	10	0.974	0.006	0.02
0.42	20	0.05	685	500	481	4	15	0.962	0.008	0.03
0.42	20	0.05	686	500	488	3	9	0.976	0.006	0.018
0.42	20	0.05	687	500	485	3	12	0.97	0.006	0.024
0.42	20	0.05	688	500	481	2	17	0.962	0.004	0.034
0.42	20	0.05	689	500	485	3	12	0.97	0.006	0.024
0.42	20	0.05	690	500	491	5	4	0.982	0.01	0.008
0.42	20	0.05	691	500	490	3	7	0.98	0.006	0.014
0.42	20	0.05	692	500	489	1	10	0.978	0.002	0.02
0.42	20	0.05	693	500	488	4	8	0.976	0.008	0.016
0.42	20	0.05	694	500	488	3	9	0.976	0.006	0.018
0.42	20	0.05	695	500	487	0	13	0.974	0	0.026
0.42	20	0.05	696	500	482	5	13	0.964	0.01	0.026
0.42	20	0.05	697	500	484	5	11	0.968	0.01	0.022
0.42	20	0.05	698	500	493	2	5	0.986	0.004	0.01
0.42	20	0.05	699	500	492	5	3	0.984	0.01	0.006
0.42	20	0.05	700	500	486	3	11	0.972	0.006	0.022
0.42	20	0.05	701	500	489	2	9	0.978	0.004	0.018
0.42	20	0.05	702	500	486	4	10	0.972	0.008	0.02
0.42	20	0.05	703	500	491	3	6	0.982	0.006	0.012
0.42	20	0.05	704	500	481	2	17	0.962	0.004	0.034
0.42	20	0.05	705	500	487	5	8	0.974	0.01	0.016
0.42	20	0.05	706	500	482	3	15	0.964	0.006	0.03
0.42	20	0.05	707	500	488	3	9	0.976	0.006	0.018
0.42	20	0.05	708	500	488	4	8	0.976	0.008	0.016
0.42	20	0.05	709	500	492	3	5	0.984	0.006	0.01
0.42	20	0.05	710	500	488	0	12	0.976	0	0.024
0.42	20	0.05	711	500	488	3	9	0.976	0.006	0.018
0.42	20	0.05	712	500	491	3	6	0.982	0.006	0.012
0.42	20	0.05	713	500	487	3	10	0.974	0.006	0.02
0.42	20	0.05	714	500	486	2	12	0.972	0.004	0.024
0.42	20	0.05	715	500	489	3	8	0.978	0.006	0.016
0.42	20	0.05	716	500	489	1	10	0.978	0.002	0.02
0.42	20	0.05	717	500	486	4	10	0.972	0.008	0.02
0.42	20	0.05	718	500	488	3	9	0.976	0.006	0.018
0.42	20	0.05	719	500	486	4	10	0.972	0.008	0.02
0.42	20	0.05	720	500	487	3	10	0.974	0.006	0.02
0.42	20	0.05	721	500	490	2	8	0.98	0.004	0.016
0.42	20	0.05	722	500	488	2	10	0.976	0.004	0.02
0.42	20	0.05	723	500	488	1	11	0.976	0.002	0.022
0.42	20	0.05	724	500	491	2	7	0.982	0.004	0.014
0.42	20	0.05	725	500	492	4	4	0.984	0.008	0.008
0.42	20	0.05	726	500	491	3	6	0.982	0.006	0.012
0.42	20	0.05	727	500	489	4	7	0.978	0.008	0.014
0.42	20	0.05	728	500	486	3	11	0.972	0.006	0.022
0.42	20	0.05	729	500	485	5	10	0.97	0.01	0.02
0.42	20	0.05	730	500	493	1	6	0.986	0.002	0.012
0.42	20	0.05	731	500	492	2	6	0.984	0.004	0.012
0.42	20	0.05	732	500	489	3	8	0.978	0.006	0.016
0.42	20	0.05	733	500	490	2	8	0.98	0.004	0.016
0.42	20	0.05	734	500	488	3	9	0.976	0.006	0.018
0.42	20	0.05	735	500	495	1	4	0.99	0.002	0.008
0.42	20	0.05	736	500	487	3	10	0.974	0.006	0.02
0.42	20	0.05	737	500	485	5	10	0.97	0.01	0.02
0.42	20	0.05	738	500	482	1	17	0.964	0.002	0.034
0.42	20	0.05	739	500	488	4	8	0.976	0.008	0.016
0.42	20	0.05	740	500	490	3	7	0.98	0.006	0.014
0.42	20	0.05	741	500	482	2	16	0.964	0.004	0.032
0.42	20	0.05	742	500	492	5	3	0.984	0.01	0.006
0.42	20	0.05	743	500	492	1	7	0.984	0.002	0.014
0.42	20	0.05	744	500	488	5	7	0.976	0.01	0.014
0.42	20	0.05	745	500	491	3	6	0.982	0.006	0.012
0.42	20	0.05	746	500	485	4	11	0.97	0.008	0.022
0.42	20	0.05	747	500	484	1	15	0.968	0.002	0.03
0.42	20	0.05	748	500	493	4	3	0.986	0.008	0.006
0.42	20	0.05	749	500	488	4	8	0.976	0.008	0.016
0.42	20	0.05	750	500	492	3	5	0.984	0.006	0.01
0.42	20	0.05	751	500	494	2	4	0.988	0.004	0.008
0.42	20	0.05	752	500	489	4	7	0.978	0.008	0.014
0.42	20	0.05	753	500	487	5	8	0.974	0.01	0.016
0.42	20	0.05	754	500	492	2	6	0.984	0.004	0.012
0.42	20	0.05	755	500	490	1	9	0.98	0.002	0.018
0.42	20	0.05	756	500	487	3	10	0.974	0.006	0.02
0.42	20	0.05	757	500	489	3	8	0.978	0.006	0.016
0.42	20	0.05	758	500	489	2	9	0.978	0.004	0.018
0.42	20	0.05	759	500	488	4	8	0.976	0.008	0.016
0.42	20	0.05	760	500	487	3	10	0.974	0.006	0.02
0.42	20	0.05	761	500	491	3	6	0.982	0.006	0.012
0.42	20	0.05	762	500	490	4	6	0.98	0.008	0.012
0.42	20	0.05	763	500	482	5	13	0.964	0.01	0.026
0.42	20	0.05	764	500	490	4	6	0.98	0.008	0.012
0.42	20	0.05	765	500	492	3	5	0.984	0.006	0.01
0.42	20	0.05	766	500	492	2	6	0.984	0.004	0.012
0.42	20	0.05	767	500	493	3	4	0.986	0.006	0.008
0.42	20	0.05	768	500	489	0	11	0.978	0	0.022
0.42	20	0.05	769	500	495	1	4	0.99	0.002	0.008
0.42	20	0.05	770	500	491	5	4	0.982	0.01	0.008
0.42	20	0.05	771	500	487	3	10	0.974	0.006	0.02
0.42	20	0.05	772	500	490	2	8	0.98	0.004	0.016
0.42	20	0.05	773	500	491	2	7	0.982	0.004	0.014
0.42	20	0.05	774	500	493	2	5	0.986	0.004	0.01
0.42	20	0.05	775	500	487	3	10	0.974	0.006	0.02
0.42	20	0.05	776	500	489	0	11	0.978	0	0.022
0.42	20	0.05	777	500	489	2	9	0.978	0.004	0.018
0.42	20	0.05	778	500	493	2	5	0.986	0.004	0.01
0.42	20	0.05	779	500	489	1	10	0.978	0.002	0.02
0.42	20	0.05	780	500	492	1	7	0.984	0.002	0.014
0.42	20	0.05	781	500	488	4	8	0.976	0.008	0.016
0.42	20	0.05	782	500	488	3	9	0.976	0.006	0.018
0.42	20	0.05	783	500	490	1	9	0.98	0.002	0.018
0.42	20	0.05	784	500	491	3	6	0.982	0.006	0.012
0.42	20	0.05	785	500	490	1	9	0.98	0.002	0.018
0.42	20	0.05	786	500	493	1	6	0.986	0.002	0.012
0.42	20	0.05	787	500	494	3	3	0.988	0.006	0.006
0.42	20	0.05	788	500	487	3	10	0.974	0.006	0.02
0.42	20	0.05	789	500	488	2	10	0.976	0.004	0.02
0.42	20	0.05	790	500	494	1	5	0.988	0.002	0.01
0.42	20	0.05	791	500	492	3	5	0.984	0.006	0.01
0.42	20	0.05	792	500	491	2	7	0.982	0.004	0.014
0.42	20	0.05	793	500	493	4	3	0.986	0.008	0.006
0.42	20	0.05	794	500	498	0	2	0.996	0	0.004
0.42	20	0.05	795	500	492	4	4	0.984	0.008	0.008
0.42	20	0.05	796	500	496	0	4	0.992	0	0.008
0.42	20	0.05	797	500	490	2	8	0.98	0.004	0.016
0.42	20	0.05	798	500	493	1	6	0.986	0.002	0.012
0.42	20	0.05	799	500	489	3	8	0.978	0.006	0.016
0.42	20	0.05	800	500	492	1	7	0.984	0.002	0.014
0.42	20	0.05	801	500	489	4	7	0.978	0.008	0.014
0.42	20	0.05	802	500	489	2	9	0.978	0.004	0.018
0.42	20	0.05	803	500	494	2	4	0.988	0.004	0.008
0.42	20	0.05	804	500	488	5	7	0.976	0.01	0.014
0.42	20	0.05	805	500	487	2	11	0.974	0.004	0.022
0.42	20	0.05	806	500	492	1	7	0.984	0.002	0.014
0.42	20	0.05	807	500	495	3	2	0.99	0.006	0.004
0.42	20	0.05	808	500	491	2	7	0.982	0.004	0.014
0.42	20	0.05	809	500	491	4	5	0.982	0.008	0.01
0.42	20	0.05	810	500	489	8	3	0.978	0.016	0.006
0.42	20	0.05	811	500	488	3	9	0.976	0.006	0.018
0.42	20	0.05	812	500	491	1	8	0.982	0.002	0.016
0.42	20	0.05	813	500	495	1	4	0.99	0.002	0.008
0.42	20	0.05	814	500	495	0	5	0.99	0	0.01
0.42	20	0.05	815	500	490	2	8	0.98	0.004	0.016
0.42	20	0.05	816	500	494	2	4	0.988	0.004	0.008
0.42	20	0.05	817	500	494	3	3	0.988	0.006	0.006
0.42	20	0.05	818	500	492	3	5	0.984	0.006	0.01
0.42	20	0.05	819	500	495	0	5	0.99	0	0.01
0.42	20	0.05	820	500	494	3	3	0.988	0.006	0.006
0.42	20	0.05	821	500	495	1	4	0.99	0.002	0.008
0.42	20	0.05	822	500	491	3	6	0.982	0.006	0.012
0.42	20	0.05	823	500	492	3	5	0.984	0.006	0.01
0.42	20	0.05	824	500	491	0	9	0.982	0	0.018
0.42	20	0.05	825	500	493	1	6	0.986	0.002	0.012
0.42	20	0.05	826	500	494	2	4	0.988	0.004	0.008
0.42	20	0.05	827	500	489	5	6	0.978	0.01	0.012
0.42	20	0.05	828	500	493	1	6	0.986	0.002	0.012
0.42	20	0.05	829	500	493	1	6	0.986	0.002	0.012
0.42	20	0.05	830	500	496	3	1	0.992	0.006	0.002
0.42	20	0.05	831	500	494	1	5	0.988	0.002	0.01
0.42	20	0.05	832	500	490	5	5	0.98	0.01	0.01
0.42	20	0.05	833	500	487	7	6	0.974	0.014	0.012
0.42	20	0.05	834	500	495	1	4	0.99	0.002	0.008
0.42	20	0.05	835	500	485	6	9	0.97	0.012	0.018
0.42	20	0.05	836	500	489	2	9	0.978	0.004	0.018
0.42	20	0.05	837	500	488	5	7	0.976	0.01	0.014
0.42	20	0.05	838	500	494	1	5	0.988	0.002	0.01
0.42	20	0.05	839	500	494	3	3	0.988	0.006	0.006
0.42	20	0.05	840	500	495	2	3	0.99	0.004	0.006
0.42	20	0.05	841	500	488	2	10	0.976	0.004	0.02
0.42	20	0.05	842	500	495	0	5	0.99	0	0.01
0.42	20	0.05	843	500	492	7	1	0.984	0.014	0.002
0.42	20	0.05	844	500	492	2	6	0.984	0.004	0.012
0.42	20	0.05	845	500	488	3	9	0.976	0.006	0.018
0.42	20	0.05	846	500	492	3	5	0.984	0.006	0.01
0.42	20	0.05	847	500	492	1	7	0.984	0.002	0.014
0.42	20	0.05	848	500	495	2	3	0.99	0.004	0.006
0.42	20	0.05	849	500	492	2	6	0.984	0.004	0.012
0.42	20	0.05	850	500	497	0	3	0.994	0	0.006
0.42	20	0.05	851	500	496	0	4	0.992	0	0.008
0.42	20	0.05	852	500	495	0	5	0.99	0	0.01
0.42	20	0.05	853	500	491	1	8	0.982	0.002	0.016
0.42	20	0.05	854	500	496	0	4	0.992	0	0.008
0.42	20	0.05	855	500	490	1	9	0.98	0.002	0.018
0.42	20	0.05	856	500	492	3	5	0.984	0.006	0.01
0.42	20	0.05	857	500	495	1	4	0.99	0.002	0.008
0.42	20	0.05	858	500	492	1	7	0.984	0.002	0.014
0.42	20	0.05	859	500	495	0	5	0.99	0	0.01
0.42	20	0.05	860	500	492	2	6	0.984	0.004	0.012
0.42	20	0.05	861	500	491	1	8	0.982	0.002	0.016
0.42	20	0.05	862	500	495	0	5	0.99	0	0.01
0.42	20	0.05	863	500	494	1	5	0.988	0.002	0.01
0.42	20	0.05	864	500	497	1	2	0.994	0.002	0.004
0.42	20	0.05	865	500	494	2	4	0.988	0.004	0.008
0.42	20	0.05	866	500	490	3	7	0.98	0.006	0.014
0.42	20	0.05	867	500	497	2	1	0.994	0.004	0.002
0.42	20	0.05	868	500	490	3	7	0.98	0.006	0.014
0.42	20	0.05	869	500	495	0	5	0.99	0	0.01
0.42	20	0.05	870	500	492	1	7	0.984	0.002	0.014
0.42	20	0.05	871	500	493	2	5	0.986	0.004	0.01
0.42	20	0.05	872	500	497	0	3	0.994	0	0.006
0.42	20	0.05	873	500	495	1	4	0.99	0.002	0.008
0.42	20	0.05	874	500	494	2	4	0.988	0.004	0.008
0.42	20	0.05	875	500	493	4	3	0.986	0.008	0.006
0.42	20	0.05	876	500	494	1	5	0.988	0.002	0.01
0.42	20	0.05	877	500	496	1	3	0.992	0.002	0.006
0.42	20	0.05	878	500	496	3	1	0.992	0.006	0.002
0.42	20	0.05	879	500	494	3	3	0.988	0.006	0.006
0.42	20	0.05	880	500	492	2	6	0.984	0.004	0.012
0.42	20	0.05	881	500	493	4	3	0.986	0.008	0.006
0.42	20	0.05	882	500	493	1	6	0.986	0.002	0.012
0.42	20	0.05	883	500	495	3	2	0.99	0.006	0.004
0.42	20	0.05	884	500	492	3	5	0.984	0.006	0.01
0.42	20	0.05	885	500	495	0	5	0.99	0	0.01
0.42	20	0.05	886	500	495	1	4	0.99	0.002	0.008
0.42	20	0.05	887	500	495	0	5	0.99	0	0.01
0.42	20	0.05	888	500	496	0	4	0.992	0	0.008
0.42	20	0.05	889	500	492	3	5	0.984	0.006	0.01
0.42	20	0.05	890	500	496	3	1	0.992	0.006	0.002
0.42	20	0.05	891	500	495	2	3	0.99	0.004	0.006
0.42	20	0.05	892	500	495	2	3	0.99	0.004	0.006
0.42	20	0.05	893	500	492	2	6	0.984	0.004	0.012
0.42	20	0.05	894	500	495	1	4	0.99	0.002	0.008
0.42	20	0.05	895	500	492	2	6	0.984	0.004	0.012
0.42	20	0.05	896	500	494	0	6	0.988	0	0.012
0.42	20	0.05	897	500	486	4	10	0.972	0.008	0.02
0.42	20	0.05	898	500	496	1	3	0.992	0.002	0.006
0.42	20	0.05	899	500	489	6	5	0.978	0.012	0.01
0.42	20	0.05	900	500	496	0	4	0.992	0	0.008
0.42	20	0.05	901	500	498	1	1	0.996	0.002	0.002
0.42	20	0.05	902	500	493	3	4	0.986	0.006	0.008
0.42	20	0.05	903	500	493	5	2	0.986	0.01	0.004
0.42	20	0.05	904	500	493	1	6	0.986	0.002	0.012
0.42	20	0.05	905	500	492	4	4	0.984	0.008	0.008
0.42	20	0.05	906	500	499	0	1	0.998	0	0.002
0.42	20	0.05	907	500	497	1	2	0.994	0.002	0.004
0.42	20	0.05	908	500	494	3	3	0.988	0.006	0.006
0.42	20	0.05	909	500	496	0	4	0.992	0	0.008
0.42	20	0.05	910	500	495	1	4	0.99	0.002	0.008
0.42	20	0.05	911	500	496	1	3	0.992	0.002	0.006
0.42	20	0.05	912	500	497	2	1	0.994	0.004	0.002
0.42	20	0.05	913	500	496	1	3	0.992	0.002	0.006
0.42	20	0.05	914	500	494	3	3	0.988	0.006	0.006
0.42	20	0.05	915	500	494	0	6	0.988	0	0.012
0.42	20	0.05	916	500	495	1	4	0.99	0.002	0.008
0.42	20	0.05	917	500	496	3	1	0.992	0.006	0.002
0.42	20	0.05	918	500	497	1	2	0.994	0.002	0.004
0.42	20	0.05	919	500	495	0	5	0.99	0	0.01
0.42	20	0.05	920	500	498	1	1	0.996	0.002	0.002
0.42	20	0.05	921	500	493	2	5	0.986	0.004	0.01
0.42	20	0.05	922	500	495	2	3	0.99	0.004	0.006
0.42	20	0.05	923	500	494	4	2	0.988	0.008	0.004
0.42	20	0.05	924	500	494	2	4	0.988	0.004	0.008
0.42	20	0.05	925	500	494	0	6	0.988	0	0.012
0.42	20	0.05	926	500	492	2	6	0.984	0.004	0.012
0.42	20	0.05	927	500	498	1	1	0.996	0.002	0.002
0.42	20	0.05	928	500	493	1	6	0.986	0.002	0.012
0.42	20	0.05	929	500	492	1	7	0.984	0.002	0.014
0.42	20	0.05	930	500	494	4	2	0.988	0.008	0.004
0.42	20	0.05	931	500	495	2	3	0.99	0.004	0.006
0.42	20	0.05	932	500	497	0	3	0.994	0	0.006
0.42	20	0.05	933	500	495	1	4	0.99	0.002	0.008
0.42	20	0.05	934	500	498	1	1	0.996	0.002	0.002
0.42	20	0.05	935	500	499	0	1	0.998	0	0.002
0.42	20	0.05	936	500	494	0	6	0.988	0	0.012
0.42	20	0.05	937	500	495	1	4	0.99	0.002	0.008
0.42	20	0.05	938	500	494	2	4	0.988	0.004	0.008
0.42	20	0.05	939	500	497	2	1	0.994	0.004	0.002
0.42	20	0.05	940	500	493	3	4	0.986	0.006	0.008
0.42	20	0.05	941	500	491	2	7	0.982	0.004	0.014
0.42	20	0.05	942	500	495	2	3	0.99	0.004	0.006
0.42	20	0.05	943	500	494	1	5	0.988	0.002	0.01
0.42	20	0.05	944	500	496	2	2	0.992	0.004	0.004
0.42	20	0.05	945	500	499	0	1	0.998	0	0.002
0.42	20	0.05	946	500	497	0	3	0.994	0	0.006
0.42	20	0.05	947	500	497	2	1	0.994	0.004	0.002
0.42	20	0.05	948	500	497	1	2	0.994	0.002	0.004
0.42	20	0.05	949	500	498	2	0	0.996	0.004	0
0.42	20	0.05	950	500	496	1	3	0.992	0.002	0.006
0.42	20	0.05	951	500	496	2	2	0.992	0.004	0.004
0.42	20	0.05	952	500	496	0	4	0.992	0	0.008
0.42	20	0.05	953	500	495	0	5	0.99	0	0.01
0.42	20	0.05	954	500	497	2	1	0.994	0.004	0.002
0.42	20	0.05	955	500	497	1	2	0.994	0.002	0.004
0.42	20	0.05	956	500	496	0	4	0.992	0	0.008
0.42	20	0.05	957	500	499	0	1	0.998	0	0.002
0.42	20	0.05	958	500	499	0	1	0.998	0	0.002
0.42	20	0.05	959	500	497	0	3	0.994	0	0.006
0.42	20	0.05	960	500	490	6	4	0.98	0.012	0.008
0.42	20	0.05	961	500	498	0	2	0.996	0	0.004
0.42	20	0.05	962	500	496	1	3	0.992	0.002	0.006
0.42	20	0.05	963	500	496	1	3	0.992	0.002	0.006
0.42	20	0.05	964	500	495	1	4	0.99	0.002	0.008
0.42	20	0.05	965	500	496	1	3	0.992	0.002	0.006
0.42	20	0.05	966	500	494	1	5	0.988	0.002	0.01
0.42	20	0.05	967	500	493	2	5	0.986	0.004	0.01
0.42	20	0.05	968	500	494	1	5	0.988	0.002	0.01
0.42	20	0.05	969	500	494	3	3	0.988	0.006	0.006
0.42	20	0.05	970	500	499	0	1	0.998	0	0.002
0.42	20	0.05	971	500	497	2	1	0.994	0.004	0.002
0.42	20	0.05	972	500	497	1	2	0.994	0.002	0.004
0.42	20	0.05	973	500	493	1	6	0.986	0.002	0.012
0.42	20	0.05	974	500	495	0	5	0.99	0	0.01
0.42	20	0.05	975	500	497	2	1	0.994	0.004	0.002
0.42	20	0.05	976	500	497	1	2	0.994	0.002	0.004
0.42	20	0.05	977	500	496	2	2	0.992	0.004	0.004
0.42	20	0.05	978	500	495	2	3	0.99	0.004	0.006
0.42	20	0.05	979	500	496	1	3	0.992	0.002	0.006
0.42	20	0.05	980	500	497	0	3	0.994	0	0.006
0.42	20	0.05	981	500	498	1	1	0.996	0.002	0.002
0.42	20	0.05	982	500	495	2	3	0.99	0.004	0.006
0.42	20	0.05	983	500	494	0	6	0.988	0	0.012
0.42	20	0.05	984	500	496	2	2	0.992	0.004	0.004
0.42	20	0.05	985	500	498	1	1	0.996	0.002	0.002
0.42	20	0.05	986	500	497	2	1	0.994	0.004	0.002
0.42	20	0.05	987	500	496	1	3	0.992	0.002	0.006
0.42	20	0.05	988	500	495	2	3	0.99	0.004	0.006
0.42	20	0.05	989	500	496	1	3	0.992	0.002	0.006
0.42	20	0.05	990	500	499	0	1	0.998	0	0.002
0.42	20	0.05	991	500	497	1	2	0.994	0.002	0.004
0.42	20	0.05	992	500	495	1	4	0.99	0.002	0.008
0.42	20	0.05	993	500	498	1	1	0.996	0.002	0.002
0.42	20	0.05	994	500	500	0	0	1	0	0
0.42	20	0.05	995	500	496	1	3	0.992	0.002	0.006
0.42	20	0.05	996	500	498	0	2	0.996	0	0.004
0.42	20	0.05	997	500	495	1	4	0.99	0.002	0.008
0.42	20	0.05	998	500	499	0	1	0.998	0	0.002
0.42	20	0.05	999	500	491	3	6	0.982	0.006	0.012
0.42	20	0.05	1000	500	500	0	0	1	0	0
