"deltaMin"	"alpha"	"beta"	"n_max"	"n_reps"	"h1_rate"	"h0_rate"	"ind_rate"	"mean_eValue"	"median_eValue"	"sd_eValue"	"mean_nUsed"	"h1_n"	"h0_n"
0.05	0.05	0.2	1000	1000	1	0	0	20.5211261289914	20.433568173924	0.390829375656141	230.291	1000	0
0.1	0.05	0.2	1000	1000	1	0	0	21.0160844267644	20.8482240426222	0.806126410513757	130.391	1000	0
0.15	0.05	0.2	1000	1000	1	0	0	21.5372845217419	21.2228734051508	1.25105993818509	98.314	1000	0
0.2	0.05	0.2	1000	1000	0.999	0.001	8.67361737988404e-19	22.0061414700245	21.6841700997125	1.76103293006926	85.588	999	1
0.25	0.05	0.2	1000	1000	0.989	0.011	1.04083408558608e-17	22.2080409541868	21.92780645235	3.08968043979407	77.278	989	11
0.3	0.05	0.2	1000	1000	0.957	0.043	4.16333634234434e-17	22.0587213874272	22.3269330652716	5.23596848093127	70.141	957	43
0.35	0.05	0.2	1000	1000	0.889	0.111	-1.38777878078145e-17	20.9077326044215	22.4161457308855	7.86902337630184	63.635	889	111
0.4	0.05	0.2	1000	1000	0.784	0.216	-2.77555756156289e-17	18.7054961500581	22.0118593077936	10.1952472696667	56.304	784	216
0.45	0.05	0.2	1000	1000	0.717	0.283	5.55111512312578e-17	17.474823968172	21.8419003670066	11.3651480922846	49.419	717	283
0.5	0.05	0.2	1000	1000	0.613	0.387	0	15.0660348159922	21.2376535525984	12.2843142410421	43.245	613	387
0.55	0.05	0.2	1000	1000	0.534	0.466	-5.55111512312578e-17	13.4054481703191	20.3188300356053	12.8677364514167	37.09	534	466
0.6	0.05	0.2	1000	1000	0.467	0.533	-1.11022302462516e-16	11.9756001171602	0.0486426277866258	13.1280896778032	33.048	467	533
0.65	0.05	0.2	1000	1000	0.393	0.607	0	10.1928463486208	0.0464129897041515	12.9728045176364	26.418	393	607
0.7	0.05	0.2	1000	1000	0.323	0.677	0	8.55479664669077	0.0429236748284612	12.6396762592516	23.838	323	677
0.75	0.05	0.2	1000	1000	0.294	0.706	0	7.72557270387028	0.0413768154122747	12.2051005225368	20.456	294	706
0.8	0.05	0.2	1000	1000	0.274	0.726	0	7.31921628158323	0.0392735398961371	12.1819100605735	17.71	274	726
0.85	0.05	0.2	1000	1000	0.228	0.772	0	6.1564494008602	0.0376093390710641	11.5749479579155	15.531	228	772
0.9	0.05	0.2	1000	1000	0.193	0.807	-1.11022302462516e-16	5.30258787814874	0.0374184370986281	11.1471870410813	13.522	193	807
0.95	0.05	0.2	1000	1000	0.196	0.804	0	5.54470148066323	0.0362546622126526	11.535955204621	12.172	196	804
1	0.05	0.2	1000	1000	0.18	0.82	1.11022302462516e-16	5.18846186030922	0.0336921247615402	11.3529424500323	10.488	180	820
