"bf_crit"	"r_val"	"df_type"	"bound"	"bins.left"	"bins.right"	"bins.cost"	"bins.mass"	"h0_point_cost"	"h1_total_cost"	"expected_cost"	"interval_mass"	"residual_mass"
3	0.707106781186547	"opt_stop"	"upper"	0	0.01	0.82465	0.00450128151135432	0.17535	0.260764069757223	0.218057034878611	0.852636933241057	0.147363066758943
3	0.707106781186547	"opt_stop"	"upper"	0.01	0.02	0.8237	0.00449948195845373	0.17535	0.260764069757223	0.218057034878611	0.852636933241057	0.147363066758943
3	0.707106781186547	"opt_stop"	"upper"	0.02	0.03	0.82345	0.00449588716554206	0.17535	0.260764069757223	0.218057034878611	0.852636933241057	0.147363066758943
3	0.707106781186547	"opt_stop"	"upper"	0.03	0.04	0.81755	0.00449050573258936	0.17535	0.260764069757223	0.218057034878611	0.852636933241057	0.147363066758943
3	0.707106781186547	"opt_stop"	"upper"	0.04	0.05	0.8186	0.00448335049531756	0.17535	0.260764069757223	0.218057034878611	0.852636933241057	0.147363066758943
3	0.707106781186547	"opt_stop"	"upper"	0.05	0.06	0.8156	0.0044744384489207	0.17535	0.260764069757223	0.218057034878611	0.852636933241057	0.147363066758943
3	0.707106781186547	"opt_stop"	"upper"	0.06	0.07	0.80765	0.00446379064767821	0.17535	0.260764069757223	0.218057034878611	0.852636933241057	0.147363066758943
3	0.707106781186547	"opt_stop"	"upper"	0.07	0.08	0.80755	0.0044514320815614	0.17535	0.260764069757223	0.218057034878611	0.852636933241057	0.147363066758943
3	0.707106781186547	"opt_stop"	"upper"	0.08	0.09	0.80195	0.00443739153117217	0.17535	0.260764069757223	0.218057034878611	0.852636933241057	0.147363066758943
3	0.707106781186547	"opt_stop"	"upper"	0.09	0.1	0.7972	0.00442170140256826	0.17535	0.260764069757223	0.218057034878611	0.852636933241057	0.147363066758943
3	0.707106781186547	"opt_stop"	"upper"	0.1	0.11	0.79115	0.0044043975437168	0.17535	0.260764069757223	0.218057034878611	0.852636933241057	0.147363066758943
3	0.707106781186547	"opt_stop"	"upper"	0.11	0.12	0.78805	0.00438551904447992	0.17535	0.260764069757223	0.218057034878611	0.852636933241057	0.147363066758943
3	0.707106781186547	"opt_stop"	"upper"	0.12	0.13	0.77485	0.0043651080221625	0.17535	0.260764069757223	0.218057034878611	0.852636933241057	0.147363066758943
3	0.707106781186547	"opt_stop"	"upper"	0.13	0.14	0.7703	0.00434320939475097	0.17535	0.260764069757223	0.218057034878611	0.852636933241057	0.147363066758943
3	0.707106781186547	"opt_stop"	"upper"	0.14	0.15	0.75955	0.00431987064403239	0.17535	0.260764069757223	0.218057034878611	0.852636933241057	0.147363066758943
3	0.707106781186547	"opt_stop"	"upper"	0.15	0.16	0.74675	0.00429514157081767	0.17535	0.260764069757223	0.218057034878611	0.852636933241057	0.147363066758943
3	0.707106781186547	"opt_stop"	"upper"	0.16	0.17	0.73495	0.00426907404449084	0.17535	0.260764069757223	0.218057034878611	0.852636933241057	0.147363066758943
3	0.707106781186547	"opt_stop"	"upper"	0.17	0.18	0.72535	0.00424172174907589	0.17535	0.260764069757223	0.218057034878611	0.852636933241057	0.147363066758943
3	0.707106781186547	"opt_stop"	"upper"	0.18	0.19	0.71525	0.00421313992795302	0.17535	0.260764069757223	0.218057034878611	0.852636933241057	0.147363066758943
3	0.707106781186547	"opt_stop"	"upper"	0.19	0.2	0.6988	0.00418338512927319	0.17535	0.260764069757223	0.218057034878611	0.852636933241057	0.147363066758943
3	0.707106781186547	"opt_stop"	"upper"	0.2	0.21	0.691	0.00415251495401492	0.17535	0.260764069757223	0.218057034878611	0.852636933241057	0.147363066758943
3	0.707106781186547	"opt_stop"	"upper"	0.21	0.22	0.67255	0.00412058780849478	0.17535	0.260764069757223	0.218057034878611	0.852636933241057	0.147363066758943
3	0.707106781186547	"opt_stop"	"upper"	0.22	0.23	0.6614	0.00408766266300542	0.17535	0.260764069757223	0.218057034878611	0.852636933241057	0.147363066758943
3	0.707106781186547	"opt_stop"	"upper"	0.23	0.24	0.64745	0.00405379881809953	0.17535	0.260764069757223	0.218057034878611	0.852636933241057	0.147363066758943
3	0.707106781186547	"opt_stop"	"upper"	0.24	0.25	0.63685	0.00401905567986716	0.17535	0.260764069757223	0.218057034878611	0.852636933241057	0.147363066758943
3	0.707106781186547	"opt_stop"	"upper"	0.25	0.26	0.61455	0.00398349254539054	0.17535	0.260764069757223	0.218057034878611	0.852636933241057	0.147363066758943
3	0.707106781186547	"opt_stop"	"upper"	0.26	0.27	0.6027	0.0039471683993777	0.17535	0.260764069757223	0.218057034878611	0.852636933241057	0.147363066758943
3	0.707106781186547	"opt_stop"	"upper"	0.27	0.28	0.5876	0.0039101417228099	0.17535	0.260764069757223	0.218057034878611	0.852636933241057	0.147363066758943
3	0.707106781186547	"opt_stop"	"upper"	0.28	0.29	0.5725	0.00387247031425986	0.17535	0.260764069757223	0.218057034878611	0.852636933241057	0.147363066758943
3	0.707106781186547	"opt_stop"	"upper"	0.29	0.3	0.5555	0.00383421112437399	0.17535	0.260764069757223	0.218057034878611	0.852636933241057	0.147363066758943
3	0.707106781186547	"opt_stop"	"upper"	0.3	0.31	0.53305	0.00379542010385214	0.17535	0.260764069757223	0.218057034878611	0.852636933241057	0.147363066758943
3	0.707106781186547	"opt_stop"	"upper"	0.31	0.32	0.52355	0.0037561520651076	0.17535	0.260764069757223	0.218057034878611	0.852636933241057	0.147363066758943
3	0.707106781186547	"opt_stop"	"upper"	0.32	0.33	0.5042	0.0037164605576494	0.17535	0.260764069757223	0.218057034878611	0.852636933241057	0.147363066758943
3	0.707106781186547	"opt_stop"	"upper"	0.33	0.34	0.49645	0.00367639775710027	0.17535	0.260764069757223	0.218057034878611	0.852636933241057	0.147363066758943
3	0.707106781186547	"opt_stop"	"upper"	0.34	0.35	0.464	0.00363601436764771	0.17535	0.260764069757223	0.218057034878611	0.852636933241057	0.147363066758943
3	0.707106781186547	"opt_stop"	"upper"	0.35	0.36	0.4539	0.00359535953762313	0.17535	0.260764069757223	0.218057034878611	0.852636933241057	0.147363066758943
3	0.707106781186547	"opt_stop"	"upper"	0.36	0.37	0.43655	0.00355448078780674	0.17535	0.260764069757223	0.218057034878611	0.852636933241057	0.147363066758943
3	0.707106781186547	"opt_stop"	"upper"	0.37	0.38	0.4233	0.00351342395198839	0.17535	0.260764069757223	0.218057034878611	0.852636933241057	0.147363066758943
3	0.707106781186547	"opt_stop"	"upper"	0.38	0.39	0.40615	0.00347223312923983	0.17535	0.260764069757223	0.218057034878611	0.852636933241057	0.147363066758943
3	0.707106781186547	"opt_stop"	"upper"	0.39	0.4	0.38295	0.0034309506473047	0.17535	0.260764069757223	0.218057034878611	0.852636933241057	0.147363066758943
3	0.707106781186547	"opt_stop"	"upper"	0.4	0.41	0.3763	0.00338961703647089	0.17535	0.260764069757223	0.218057034878611	0.852636933241057	0.147363066758943
3	0.707106781186547	"opt_stop"	"upper"	0.41	0.42	0.35715	0.00334827101326107	0.17535	0.260764069757223	0.218057034878611	0.852636933241057	0.147363066758943
3	0.707106781186547	"opt_stop"	"upper"	0.42	0.43	0.3475	0.00330694947325083	0.17535	0.260764069757223	0.218057034878611	0.852636933241057	0.147363066758943
3	0.707106781186547	"opt_stop"	"upper"	0.43	0.44	0.3264	0.00326568749231892	0.17535	0.260764069757223	0.218057034878611	0.852636933241057	0.147363066758943
3	0.707106781186547	"opt_stop"	"upper"	0.44	0.45	0.3126	0.00322451833563064	0.17535	0.260764069757223	0.218057034878611	0.852636933241057	0.147363066758943
3	0.707106781186547	"opt_stop"	"upper"	0.45	0.46	0.29935	0.00318347347365244	0.17535	0.260764069757223	0.218057034878611	0.852636933241057	0.147363066758943
3	0.707106781186547	"opt_stop"	"upper"	0.46	0.47	0.28875	0.00314258260451983	0.17535	0.260764069757223	0.218057034878611	0.852636933241057	0.147363066758943
3	0.707106781186547	"opt_stop"	"upper"	0.47	0.48	0.27245	0.00310187368208414	0.17535	0.260764069757223	0.218057034878611	0.852636933241057	0.147363066758943
3	0.707106781186547	"opt_stop"	"upper"	0.48	0.49	0.2591	0.00306137294899522	0.17535	0.260764069757223	0.218057034878611	0.852636933241057	0.147363066758943
3	0.707106781186547	"opt_stop"	"upper"	0.49	0.5	0.2455	0.00302110497419494	0.17535	0.260764069757223	0.218057034878611	0.852636933241057	0.147363066758943
3	0.707106781186547	"opt_stop"	"upper"	0.5	0.51	0.23855	0.00298109269423352	0.17535	0.260764069757223	0.218057034878611	0.852636933241057	0.147363066758943
3	0.707106781186547	"opt_stop"	"upper"	0.51	0.52	0.2237	0.00294135745783941	0.17535	0.260764069757223	0.218057034878611	0.852636933241057	0.147363066758943
3	0.707106781186547	"opt_stop"	"upper"	0.52	0.53	0.20825	0.00290191907322168	0.17535	0.260764069757223	0.218057034878611	0.852636933241057	0.147363066758943
3	0.707106781186547	"opt_stop"	"upper"	0.53	0.54	0.20115	0.00286279585760063	0.17535	0.260764069757223	0.218057034878611	0.852636933241057	0.147363066758943
3	0.707106781186547	"opt_stop"	"upper"	0.54	0.55	0.18965	0.00282400468851374	0.17535	0.260764069757223	0.218057034878611	0.852636933241057	0.147363066758943
3	0.707106781186547	"opt_stop"	"upper"	0.55	0.56	0.1797	0.00278556105646488	0.17535	0.260764069757223	0.218057034878611	0.852636933241057	0.147363066758943
3	0.707106781186547	"opt_stop"	"upper"	0.56	0.57	0.16785	0.00274747911852713	0.17535	0.260764069757223	0.218057034878611	0.852636933241057	0.147363066758943
3	0.707106781186547	"opt_stop"	"upper"	0.57	0.58	0.15835	0.00270977175254339	0.17535	0.260764069757223	0.218057034878611	0.852636933241057	0.147363066758943
3	0.707106781186547	"opt_stop"	"upper"	0.58	0.59	0.153	0.0026724506115946	0.17535	0.260764069757223	0.218057034878611	0.852636933241057	0.147363066758943
3	0.707106781186547	"opt_stop"	"upper"	0.59	0.6	0.14695	0.00263552617844953	0.17535	0.260764069757223	0.218057034878611	0.852636933241057	0.147363066758943
3	0.707106781186547	"opt_stop"	"upper"	0.6	0.61	0.1324	0.00259900781972977	0.17535	0.260764069757223	0.218057034878611	0.852636933241057	0.147363066758943
3	0.707106781186547	"opt_stop"	"upper"	0.61	0.62	0.12385	0.0025629038395566	0.17535	0.260764069757223	0.218057034878611	0.852636933241057	0.147363066758943
3	0.707106781186547	"opt_stop"	"upper"	0.62	0.63	0.1198	0.00252722153247886	0.17535	0.260764069757223	0.218057034878611	0.852636933241057	0.147363066758943
3	0.707106781186547	"opt_stop"	"upper"	0.63	0.64	0.11185	0.00249196723549794	0.17535	0.260764069757223	0.218057034878611	0.852636933241057	0.147363066758943
3	0.707106781186547	"opt_stop"	"upper"	0.64	0.65	0.107	0.00245714637903893	0.17535	0.260764069757223	0.218057034878611	0.852636933241057	0.147363066758943
3	0.707106781186547	"opt_stop"	"upper"	0.65	0.66	0.09875	0.00242276353673399	0.17535	0.260764069757223	0.218057034878611	0.852636933241057	0.147363066758943
3	0.707106781186547	"opt_stop"	"upper"	0.66	0.67	0.08955	0.00238882247390815	0.17535	0.260764069757223	0.218057034878611	0.852636933241057	0.147363066758943
3	0.707106781186547	"opt_stop"	"upper"	0.67	0.68	0.08505	0.00235532619467604	0.17535	0.260764069757223	0.218057034878611	0.852636933241057	0.147363066758943
3	0.707106781186547	"opt_stop"	"upper"	0.68	0.69	0.07875	0.00232227698757459	0.17535	0.260764069757223	0.218057034878611	0.852636933241057	0.147363066758943
3	0.707106781186547	"opt_stop"	"upper"	0.69	0.7	0.07085	0.00228967646967748	0.17535	0.260764069757223	0.218057034878611	0.852636933241057	0.147363066758943
3	0.707106781186547	"opt_stop"	"upper"	0.7	0.71	0.06915	0.00225752562914328	0.17535	0.260764069757223	0.218057034878611	0.852636933241057	0.147363066758943
3	0.707106781186547	"opt_stop"	"upper"	0.71	0.72	0.06415	0.00222582486617429	0.17535	0.260764069757223	0.218057034878611	0.852636933241057	0.147363066758943
3	0.707106781186547	"opt_stop"	"upper"	0.72	0.73	0.05915	0.00219457403236178	0.17535	0.260764069757223	0.218057034878611	0.852636933241057	0.147363066758943
3	0.707106781186547	"opt_stop"	"upper"	0.73	0.74	0.05785	0.00216377246841604	0.17535	0.260764069757223	0.218057034878611	0.852636933241057	0.147363066758943
3	0.707106781186547	"opt_stop"	"upper"	0.74	0.75	0.05245	0.00213341904027875	0.17535	0.260764069757223	0.218057034878611	0.852636933241057	0.147363066758943
3	0.707106781186547	"opt_stop"	"upper"	0.75	0.76	0.0451	0.00210351217363292	0.17535	0.260764069757223	0.218057034878611	0.852636933241057	0.147363066758943
3	0.707106781186547	"opt_stop"	"upper"	0.76	0.77	0.0448	0.00207404988682247	0.17535	0.260764069757223	0.218057034878611	0.852636933241057	0.147363066758943
3	0.707106781186547	"opt_stop"	"upper"	0.77	0.78	0.04095	0.00204502982221078	0.17535	0.260764069757223	0.218057034878611	0.852636933241057	0.147363066758943
3	0.707106781186547	"opt_stop"	"upper"	0.78	0.79	0.0386	0.00201644927600275	0.17535	0.260764069757223	0.218057034878611	0.852636933241057	0.147363066758943
3	0.707106781186547	"opt_stop"	"upper"	0.79	0.8	0.03755	0.00198830522656746	0.17535	0.260764069757223	0.218057034878611	0.852636933241057	0.147363066758943
3	0.707106781186547	"opt_stop"	"upper"	0.8	0.81	0.02915	0.00196059436129559	0.17535	0.260764069757223	0.218057034878611	0.852636933241057	0.147363066758943
3	0.707106781186547	"opt_stop"	"upper"	0.81	0.82	0.03085	0.0019333131020346	0.17535	0.260764069757223	0.218057034878611	0.852636933241057	0.147363066758943
3	0.707106781186547	"opt_stop"	"upper"	0.82	0.83	0.0273	0.0019064576291441	0.17535	0.260764069757223	0.218057034878611	0.852636933241057	0.147363066758943
3	0.707106781186547	"opt_stop"	"upper"	0.83	0.84	0.02495	0.00188002390421305	0.17535	0.260764069757223	0.218057034878611	0.852636933241057	0.147363066758943
3	0.707106781186547	"opt_stop"	"upper"	0.84	0.85	0.02245	0.00185400769149069	0.17535	0.260764069757223	0.218057034878611	0.852636933241057	0.147363066758943
3	0.707106781186547	"opt_stop"	"upper"	0.85	0.86	0.0215	0.00182840457807221	0.17535	0.260764069757223	0.218057034878611	0.852636933241057	0.147363066758943
3	0.707106781186547	"opt_stop"	"upper"	0.86	0.87	0.01865	0.00180320999289163	0.17535	0.260764069757223	0.218057034878611	0.852636933241057	0.147363066758943
3	0.707106781186547	"opt_stop"	"upper"	0.87	0.88	0.0193	0.00177841922456745	0.17535	0.260764069757223	0.218057034878611	0.852636933241057	0.147363066758943
3	0.707106781186547	"opt_stop"	"upper"	0.88	0.89	0.01775	0.00175402743814934	0.17535	0.260764069757223	0.218057034878611	0.852636933241057	0.147363066758943
3	0.707106781186547	"opt_stop"	"upper"	0.89	0.9	0.016	0.00173002969081315	0.17535	0.260764069757223	0.218057034878611	0.852636933241057	0.147363066758943
3	0.707106781186547	"opt_stop"	"upper"	0.9	0.91	0.01425	0.00170642094655349	0.17535	0.260764069757223	0.218057034878611	0.852636933241057	0.147363066758943
3	0.707106781186547	"opt_stop"	"upper"	0.91	0.92	0.0137	0.0016831960899174	0.17535	0.260764069757223	0.218057034878611	0.852636933241057	0.147363066758943
3	0.707106781186547	"opt_stop"	"upper"	0.92	0.93	0.01075	0.00166034993882525	0.17535	0.260764069757223	0.218057034878611	0.852636933241057	0.147363066758943
3	0.707106781186547	"opt_stop"	"upper"	0.93	0.94	0.0113	0.00163787725652575	0.17535	0.260764069757223	0.218057034878611	0.852636933241057	0.147363066758943
3	0.707106781186547	"opt_stop"	"upper"	0.94	0.95	0.00955	0.00161577276272462	0.17535	0.260764069757223	0.218057034878611	0.852636933241057	0.147363066758943
3	0.707106781186547	"opt_stop"	"upper"	0.95	0.96	0.009	0.00159403114393153	0.17535	0.260764069757223	0.218057034878611	0.852636933241057	0.147363066758943
3	0.707106781186547	"opt_stop"	"upper"	0.96	0.97	0.0084	0.00157264706306615	0.17535	0.260764069757223	0.218057034878611	0.852636933241057	0.147363066758943
3	0.707106781186547	"opt_stop"	"upper"	0.97	0.98	0.0075	0.00155161516836166	0.17535	0.260764069757223	0.218057034878611	0.852636933241057	0.147363066758943
3	0.707106781186547	"opt_stop"	"upper"	0.98	0.99	0.00685	0.0015309301016031	0.17535	0.260764069757223	0.218057034878611	0.852636933241057	0.147363066758943
3	0.707106781186547	"opt_stop"	"upper"	0.99	1	0.006	0.00151058650574065	0.17535	0.260764069757223	0.218057034878611	0.852636933241057	0.147363066758943
3	0.707106781186547	"opt_stop"	"upper"	1	2	0.006	0.0877398280459109	0.17535	0.260764069757223	0.218057034878611	0.852636933241057	0.147363066758943
3	0.707106781186547	"opt_stop"	"upper"	2	3	0	0.0344919145899214	0.17535	0.260764069757223	0.218057034878611	0.852636933241057	0.147363066758943
3	0.707106781186547	"opt_stop"	"lower"	0	0.01	0.8237	0.00450128151135432	0.17535	0.25411126086437	0.214730630432185	0.852636933241057	0.147363066758943
3	0.707106781186547	"opt_stop"	"lower"	0.01	0.02	0.82345	0.00449948195845373	0.17535	0.25411126086437	0.214730630432185	0.852636933241057	0.147363066758943
3	0.707106781186547	"opt_stop"	"lower"	0.02	0.03	0.81755	0.00449588716554206	0.17535	0.25411126086437	0.214730630432185	0.852636933241057	0.147363066758943
3	0.707106781186547	"opt_stop"	"lower"	0.03	0.04	0.8186	0.00449050573258936	0.17535	0.25411126086437	0.214730630432185	0.852636933241057	0.147363066758943
3	0.707106781186547	"opt_stop"	"lower"	0.04	0.05	0.8156	0.00448335049531756	0.17535	0.25411126086437	0.214730630432185	0.852636933241057	0.147363066758943
3	0.707106781186547	"opt_stop"	"lower"	0.05	0.06	0.80765	0.0044744384489207	0.17535	0.25411126086437	0.214730630432185	0.852636933241057	0.147363066758943
3	0.707106781186547	"opt_stop"	"lower"	0.06	0.07	0.80755	0.00446379064767821	0.17535	0.25411126086437	0.214730630432185	0.852636933241057	0.147363066758943
3	0.707106781186547	"opt_stop"	"lower"	0.07	0.08	0.80195	0.0044514320815614	0.17535	0.25411126086437	0.214730630432185	0.852636933241057	0.147363066758943
3	0.707106781186547	"opt_stop"	"lower"	0.08	0.09	0.7972	0.00443739153117217	0.17535	0.25411126086437	0.214730630432185	0.852636933241057	0.147363066758943
3	0.707106781186547	"opt_stop"	"lower"	0.09	0.1	0.79115	0.00442170140256826	0.17535	0.25411126086437	0.214730630432185	0.852636933241057	0.147363066758943
3	0.707106781186547	"opt_stop"	"lower"	0.1	0.11	0.78805	0.0044043975437168	0.17535	0.25411126086437	0.214730630432185	0.852636933241057	0.147363066758943
3	0.707106781186547	"opt_stop"	"lower"	0.11	0.12	0.77485	0.00438551904447992	0.17535	0.25411126086437	0.214730630432185	0.852636933241057	0.147363066758943
3	0.707106781186547	"opt_stop"	"lower"	0.12	0.13	0.7703	0.0043651080221625	0.17535	0.25411126086437	0.214730630432185	0.852636933241057	0.147363066758943
3	0.707106781186547	"opt_stop"	"lower"	0.13	0.14	0.75955	0.00434320939475097	0.17535	0.25411126086437	0.214730630432185	0.852636933241057	0.147363066758943
3	0.707106781186547	"opt_stop"	"lower"	0.14	0.15	0.74675	0.00431987064403239	0.17535	0.25411126086437	0.214730630432185	0.852636933241057	0.147363066758943
3	0.707106781186547	"opt_stop"	"lower"	0.15	0.16	0.73495	0.00429514157081767	0.17535	0.25411126086437	0.214730630432185	0.852636933241057	0.147363066758943
3	0.707106781186547	"opt_stop"	"lower"	0.16	0.17	0.72535	0.00426907404449084	0.17535	0.25411126086437	0.214730630432185	0.852636933241057	0.147363066758943
3	0.707106781186547	"opt_stop"	"lower"	0.17	0.18	0.71525	0.00424172174907589	0.17535	0.25411126086437	0.214730630432185	0.852636933241057	0.147363066758943
3	0.707106781186547	"opt_stop"	"lower"	0.18	0.19	0.6988	0.00421313992795302	0.17535	0.25411126086437	0.214730630432185	0.852636933241057	0.147363066758943
3	0.707106781186547	"opt_stop"	"lower"	0.19	0.2	0.691	0.00418338512927319	0.17535	0.25411126086437	0.214730630432185	0.852636933241057	0.147363066758943
3	0.707106781186547	"opt_stop"	"lower"	0.2	0.21	0.67255	0.00415251495401492	0.17535	0.25411126086437	0.214730630432185	0.852636933241057	0.147363066758943
3	0.707106781186547	"opt_stop"	"lower"	0.21	0.22	0.6614	0.00412058780849478	0.17535	0.25411126086437	0.214730630432185	0.852636933241057	0.147363066758943
3	0.707106781186547	"opt_stop"	"lower"	0.22	0.23	0.64745	0.00408766266300542	0.17535	0.25411126086437	0.214730630432185	0.852636933241057	0.147363066758943
3	0.707106781186547	"opt_stop"	"lower"	0.23	0.24	0.63685	0.00405379881809953	0.17535	0.25411126086437	0.214730630432185	0.852636933241057	0.147363066758943
3	0.707106781186547	"opt_stop"	"lower"	0.24	0.25	0.61455	0.00401905567986716	0.17535	0.25411126086437	0.214730630432185	0.852636933241057	0.147363066758943
3	0.707106781186547	"opt_stop"	"lower"	0.25	0.26	0.6027	0.00398349254539054	0.17535	0.25411126086437	0.214730630432185	0.852636933241057	0.147363066758943
3	0.707106781186547	"opt_stop"	"lower"	0.26	0.27	0.5876	0.0039471683993777	0.17535	0.25411126086437	0.214730630432185	0.852636933241057	0.147363066758943
3	0.707106781186547	"opt_stop"	"lower"	0.27	0.28	0.5725	0.0039101417228099	0.17535	0.25411126086437	0.214730630432185	0.852636933241057	0.147363066758943
3	0.707106781186547	"opt_stop"	"lower"	0.28	0.29	0.5555	0.00387247031425986	0.17535	0.25411126086437	0.214730630432185	0.852636933241057	0.147363066758943
3	0.707106781186547	"opt_stop"	"lower"	0.29	0.3	0.53305	0.00383421112437399	0.17535	0.25411126086437	0.214730630432185	0.852636933241057	0.147363066758943
3	0.707106781186547	"opt_stop"	"lower"	0.3	0.31	0.52355	0.00379542010385214	0.17535	0.25411126086437	0.214730630432185	0.852636933241057	0.147363066758943
3	0.707106781186547	"opt_stop"	"lower"	0.31	0.32	0.5042	0.0037561520651076	0.17535	0.25411126086437	0.214730630432185	0.852636933241057	0.147363066758943
3	0.707106781186547	"opt_stop"	"lower"	0.32	0.33	0.49645	0.0037164605576494	0.17535	0.25411126086437	0.214730630432185	0.852636933241057	0.147363066758943
3	0.707106781186547	"opt_stop"	"lower"	0.33	0.34	0.464	0.00367639775710027	0.17535	0.25411126086437	0.214730630432185	0.852636933241057	0.147363066758943
3	0.707106781186547	"opt_stop"	"lower"	0.34	0.35	0.4539	0.00363601436764771	0.17535	0.25411126086437	0.214730630432185	0.852636933241057	0.147363066758943
3	0.707106781186547	"opt_stop"	"lower"	0.35	0.36	0.43655	0.00359535953762313	0.17535	0.25411126086437	0.214730630432185	0.852636933241057	0.147363066758943
3	0.707106781186547	"opt_stop"	"lower"	0.36	0.37	0.4233	0.00355448078780674	0.17535	0.25411126086437	0.214730630432185	0.852636933241057	0.147363066758943
3	0.707106781186547	"opt_stop"	"lower"	0.37	0.38	0.40615	0.00351342395198839	0.17535	0.25411126086437	0.214730630432185	0.852636933241057	0.147363066758943
3	0.707106781186547	"opt_stop"	"lower"	0.38	0.39	0.38295	0.00347223312923983	0.17535	0.25411126086437	0.214730630432185	0.852636933241057	0.147363066758943
3	0.707106781186547	"opt_stop"	"lower"	0.39	0.4	0.3763	0.0034309506473047	0.17535	0.25411126086437	0.214730630432185	0.852636933241057	0.147363066758943
3	0.707106781186547	"opt_stop"	"lower"	0.4	0.41	0.35715	0.00338961703647089	0.17535	0.25411126086437	0.214730630432185	0.852636933241057	0.147363066758943
3	0.707106781186547	"opt_stop"	"lower"	0.41	0.42	0.3475	0.00334827101326107	0.17535	0.25411126086437	0.214730630432185	0.852636933241057	0.147363066758943
3	0.707106781186547	"opt_stop"	"lower"	0.42	0.43	0.3264	0.00330694947325083	0.17535	0.25411126086437	0.214730630432185	0.852636933241057	0.147363066758943
3	0.707106781186547	"opt_stop"	"lower"	0.43	0.44	0.3126	0.00326568749231892	0.17535	0.25411126086437	0.214730630432185	0.852636933241057	0.147363066758943
3	0.707106781186547	"opt_stop"	"lower"	0.44	0.45	0.29935	0.00322451833563064	0.17535	0.25411126086437	0.214730630432185	0.852636933241057	0.147363066758943
3	0.707106781186547	"opt_stop"	"lower"	0.45	0.46	0.28875	0.00318347347365244	0.17535	0.25411126086437	0.214730630432185	0.852636933241057	0.147363066758943
3	0.707106781186547	"opt_stop"	"lower"	0.46	0.47	0.27245	0.00314258260451983	0.17535	0.25411126086437	0.214730630432185	0.852636933241057	0.147363066758943
3	0.707106781186547	"opt_stop"	"lower"	0.47	0.48	0.2591	0.00310187368208414	0.17535	0.25411126086437	0.214730630432185	0.852636933241057	0.147363066758943
3	0.707106781186547	"opt_stop"	"lower"	0.48	0.49	0.2455	0.00306137294899522	0.17535	0.25411126086437	0.214730630432185	0.852636933241057	0.147363066758943
3	0.707106781186547	"opt_stop"	"lower"	0.49	0.5	0.23855	0.00302110497419494	0.17535	0.25411126086437	0.214730630432185	0.852636933241057	0.147363066758943
3	0.707106781186547	"opt_stop"	"lower"	0.5	0.51	0.2237	0.00298109269423352	0.17535	0.25411126086437	0.214730630432185	0.852636933241057	0.147363066758943
3	0.707106781186547	"opt_stop"	"lower"	0.51	0.52	0.20825	0.00294135745783941	0.17535	0.25411126086437	0.214730630432185	0.852636933241057	0.147363066758943
3	0.707106781186547	"opt_stop"	"lower"	0.52	0.53	0.20115	0.00290191907322168	0.17535	0.25411126086437	0.214730630432185	0.852636933241057	0.147363066758943
3	0.707106781186547	"opt_stop"	"lower"	0.53	0.54	0.18965	0.00286279585760063	0.17535	0.25411126086437	0.214730630432185	0.852636933241057	0.147363066758943
3	0.707106781186547	"opt_stop"	"lower"	0.54	0.55	0.1797	0.00282400468851374	0.17535	0.25411126086437	0.214730630432185	0.852636933241057	0.147363066758943
3	0.707106781186547	"opt_stop"	"lower"	0.55	0.56	0.16785	0.00278556105646488	0.17535	0.25411126086437	0.214730630432185	0.852636933241057	0.147363066758943
3	0.707106781186547	"opt_stop"	"lower"	0.56	0.57	0.15835	0.00274747911852713	0.17535	0.25411126086437	0.214730630432185	0.852636933241057	0.147363066758943
3	0.707106781186547	"opt_stop"	"lower"	0.57	0.58	0.153	0.00270977175254339	0.17535	0.25411126086437	0.214730630432185	0.852636933241057	0.147363066758943
3	0.707106781186547	"opt_stop"	"lower"	0.58	0.59	0.14695	0.0026724506115946	0.17535	0.25411126086437	0.214730630432185	0.852636933241057	0.147363066758943
3	0.707106781186547	"opt_stop"	"lower"	0.59	0.6	0.1324	0.00263552617844953	0.17535	0.25411126086437	0.214730630432185	0.852636933241057	0.147363066758943
3	0.707106781186547	"opt_stop"	"lower"	0.6	0.61	0.12385	0.00259900781972977	0.17535	0.25411126086437	0.214730630432185	0.852636933241057	0.147363066758943
3	0.707106781186547	"opt_stop"	"lower"	0.61	0.62	0.1198	0.0025629038395566	0.17535	0.25411126086437	0.214730630432185	0.852636933241057	0.147363066758943
3	0.707106781186547	"opt_stop"	"lower"	0.62	0.63	0.11185	0.00252722153247886	0.17535	0.25411126086437	0.214730630432185	0.852636933241057	0.147363066758943
3	0.707106781186547	"opt_stop"	"lower"	0.63	0.64	0.107	0.00249196723549794	0.17535	0.25411126086437	0.214730630432185	0.852636933241057	0.147363066758943
3	0.707106781186547	"opt_stop"	"lower"	0.64	0.65	0.09875	0.00245714637903893	0.17535	0.25411126086437	0.214730630432185	0.852636933241057	0.147363066758943
3	0.707106781186547	"opt_stop"	"lower"	0.65	0.66	0.08955	0.00242276353673399	0.17535	0.25411126086437	0.214730630432185	0.852636933241057	0.147363066758943
3	0.707106781186547	"opt_stop"	"lower"	0.66	0.67	0.08505	0.00238882247390815	0.17535	0.25411126086437	0.214730630432185	0.852636933241057	0.147363066758943
3	0.707106781186547	"opt_stop"	"lower"	0.67	0.68	0.07875	0.00235532619467604	0.17535	0.25411126086437	0.214730630432185	0.852636933241057	0.147363066758943
3	0.707106781186547	"opt_stop"	"lower"	0.68	0.69	0.07085	0.00232227698757459	0.17535	0.25411126086437	0.214730630432185	0.852636933241057	0.147363066758943
3	0.707106781186547	"opt_stop"	"lower"	0.69	0.7	0.06915	0.00228967646967748	0.17535	0.25411126086437	0.214730630432185	0.852636933241057	0.147363066758943
3	0.707106781186547	"opt_stop"	"lower"	0.7	0.71	0.06415	0.00225752562914328	0.17535	0.25411126086437	0.214730630432185	0.852636933241057	0.147363066758943
3	0.707106781186547	"opt_stop"	"lower"	0.71	0.72	0.05915	0.00222582486617429	0.17535	0.25411126086437	0.214730630432185	0.852636933241057	0.147363066758943
3	0.707106781186547	"opt_stop"	"lower"	0.72	0.73	0.05785	0.00219457403236178	0.17535	0.25411126086437	0.214730630432185	0.852636933241057	0.147363066758943
3	0.707106781186547	"opt_stop"	"lower"	0.73	0.74	0.05245	0.00216377246841604	0.17535	0.25411126086437	0.214730630432185	0.852636933241057	0.147363066758943
3	0.707106781186547	"opt_stop"	"lower"	0.74	0.75	0.0451	0.00213341904027875	0.17535	0.25411126086437	0.214730630432185	0.852636933241057	0.147363066758943
3	0.707106781186547	"opt_stop"	"lower"	0.75	0.76	0.0448	0.00210351217363292	0.17535	0.25411126086437	0.214730630432185	0.852636933241057	0.147363066758943
3	0.707106781186547	"opt_stop"	"lower"	0.76	0.77	0.04095	0.00207404988682247	0.17535	0.25411126086437	0.214730630432185	0.852636933241057	0.147363066758943
3	0.707106781186547	"opt_stop"	"lower"	0.77	0.78	0.0386	0.00204502982221078	0.17535	0.25411126086437	0.214730630432185	0.852636933241057	0.147363066758943
3	0.707106781186547	"opt_stop"	"lower"	0.78	0.79	0.03755	0.00201644927600275	0.17535	0.25411126086437	0.214730630432185	0.852636933241057	0.147363066758943
3	0.707106781186547	"opt_stop"	"lower"	0.79	0.8	0.02915	0.00198830522656746	0.17535	0.25411126086437	0.214730630432185	0.852636933241057	0.147363066758943
3	0.707106781186547	"opt_stop"	"lower"	0.8	0.81	0.03085	0.00196059436129559	0.17535	0.25411126086437	0.214730630432185	0.852636933241057	0.147363066758943
3	0.707106781186547	"opt_stop"	"lower"	0.81	0.82	0.0273	0.0019333131020346	0.17535	0.25411126086437	0.214730630432185	0.852636933241057	0.147363066758943
3	0.707106781186547	"opt_stop"	"lower"	0.82	0.83	0.02495	0.0019064576291441	0.17535	0.25411126086437	0.214730630432185	0.852636933241057	0.147363066758943
3	0.707106781186547	"opt_stop"	"lower"	0.83	0.84	0.02245	0.00188002390421305	0.17535	0.25411126086437	0.214730630432185	0.852636933241057	0.147363066758943
3	0.707106781186547	"opt_stop"	"lower"	0.84	0.85	0.0215	0.00185400769149069	0.17535	0.25411126086437	0.214730630432185	0.852636933241057	0.147363066758943
3	0.707106781186547	"opt_stop"	"lower"	0.85	0.86	0.01865	0.00182840457807221	0.17535	0.25411126086437	0.214730630432185	0.852636933241057	0.147363066758943
3	0.707106781186547	"opt_stop"	"lower"	0.86	0.87	0.0193	0.00180320999289163	0.17535	0.25411126086437	0.214730630432185	0.852636933241057	0.147363066758943
3	0.707106781186547	"opt_stop"	"lower"	0.87	0.88	0.01775	0.00177841922456745	0.17535	0.25411126086437	0.214730630432185	0.852636933241057	0.147363066758943
3	0.707106781186547	"opt_stop"	"lower"	0.88	0.89	0.016	0.00175402743814934	0.17535	0.25411126086437	0.214730630432185	0.852636933241057	0.147363066758943
3	0.707106781186547	"opt_stop"	"lower"	0.89	0.9	0.01425	0.00173002969081315	0.17535	0.25411126086437	0.214730630432185	0.852636933241057	0.147363066758943
3	0.707106781186547	"opt_stop"	"lower"	0.9	0.91	0.0137	0.00170642094655349	0.17535	0.25411126086437	0.214730630432185	0.852636933241057	0.147363066758943
3	0.707106781186547	"opt_stop"	"lower"	0.91	0.92	0.01075	0.0016831960899174	0.17535	0.25411126086437	0.214730630432185	0.852636933241057	0.147363066758943
3	0.707106781186547	"opt_stop"	"lower"	0.92	0.93	0.0113	0.00166034993882525	0.17535	0.25411126086437	0.214730630432185	0.852636933241057	0.147363066758943
3	0.707106781186547	"opt_stop"	"lower"	0.93	0.94	0.00955	0.00163787725652575	0.17535	0.25411126086437	0.214730630432185	0.852636933241057	0.147363066758943
3	0.707106781186547	"opt_stop"	"lower"	0.94	0.95	0.009	0.00161577276272462	0.17535	0.25411126086437	0.214730630432185	0.852636933241057	0.147363066758943
3	0.707106781186547	"opt_stop"	"lower"	0.95	0.96	0.0084	0.00159403114393153	0.17535	0.25411126086437	0.214730630432185	0.852636933241057	0.147363066758943
3	0.707106781186547	"opt_stop"	"lower"	0.96	0.97	0.0075	0.00157264706306615	0.17535	0.25411126086437	0.214730630432185	0.852636933241057	0.147363066758943
3	0.707106781186547	"opt_stop"	"lower"	0.97	0.98	0.00685	0.00155161516836166	0.17535	0.25411126086437	0.214730630432185	0.852636933241057	0.147363066758943
3	0.707106781186547	"opt_stop"	"lower"	0.98	0.99	0.006	0.0015309301016031	0.17535	0.25411126086437	0.214730630432185	0.852636933241057	0.147363066758943
3	0.707106781186547	"opt_stop"	"lower"	0.99	1	0.006	0.00151058650574065	0.17535	0.25411126086437	0.214730630432185	0.852636933241057	0.147363066758943
3	0.707106781186547	"opt_stop"	"lower"	1	2	0	0.0877398280459109	0.17535	0.25411126086437	0.214730630432185	0.852636933241057	0.147363066758943
3	0.707106781186547	"opt_stop"	"lower"	2	3	0	0.0344919145899214	0.17535	0.25411126086437	0.214730630432185	0.852636933241057	0.147363066758943
3	0.707106781186547	"stop_avg"	"upper"	0	0.01	0.58344214875	0.00450128151135432	0.15292213375	0.275724710852649	0.214323422301324	0.852636933241057	0.147363066758943
3	0.707106781186547	"stop_avg"	"upper"	0.01	0.02	0.5772237525	0.00449948195845373	0.15292213375	0.275724710852649	0.214323422301324	0.852636933241057	0.147363066758943
3	0.707106781186547	"stop_avg"	"upper"	0.02	0.03	0.5815259575	0.00449588716554206	0.15292213375	0.275724710852649	0.214323422301324	0.852636933241057	0.147363066758943
3	0.707106781186547	"stop_avg"	"upper"	0.03	0.04	0.5803036125	0.00449050573258936	0.15292213375	0.275724710852649	0.214323422301324	0.852636933241057	0.147363066758943
3	0.707106781186547	"stop_avg"	"upper"	0.04	0.05	0.58421996375	0.00448335049531756	0.15292213375	0.275724710852649	0.214323422301324	0.852636933241057	0.147363066758943
3	0.707106781186547	"stop_avg"	"upper"	0.05	0.06	0.57546654	0.0044744384489207	0.15292213375	0.275724710852649	0.214323422301324	0.852636933241057	0.147363066758943
3	0.707106781186547	"stop_avg"	"upper"	0.06	0.07	0.576377845	0.00446379064767821	0.15292213375	0.275724710852649	0.214323422301324	0.852636933241057	0.147363066758943
3	0.707106781186547	"stop_avg"	"upper"	0.07	0.08	0.58206068	0.0044514320815614	0.15292213375	0.275724710852649	0.214323422301324	0.852636933241057	0.147363066758943
3	0.707106781186547	"stop_avg"	"upper"	0.08	0.09	0.57195517	0.00443739153117217	0.15292213375	0.275724710852649	0.214323422301324	0.852636933241057	0.147363066758943
3	0.707106781186547	"stop_avg"	"upper"	0.09	0.1	0.576128405	0.00442170140256826	0.15292213375	0.275724710852649	0.214323422301324	0.852636933241057	0.147363066758943
3	0.707106781186547	"stop_avg"	"upper"	0.1	0.15	0.580401505	0.0218181046491426	0.15292213375	0.275724710852649	0.214323422301324	0.852636933241057	0.147363066758943
3	0.707106781186547	"stop_avg"	"upper"	0.15	0.2	0.56178680125	0.0212024624216106	0.15292213375	0.275724710852649	0.214323422301324	0.852636933241057	0.147363066758943
3	0.707106781186547	"stop_avg"	"upper"	0.2	0.25	0.5356616	0.0204336199234818	0.15292213375	0.275724710852649	0.214323422301324	0.852636933241057	0.147363066758943
3	0.707106781186547	"stop_avg"	"upper"	0.25	0.3	0.50227803	0.019547484106212	0.15292213375	0.275724710852649	0.214323422301324	0.852636933241057	0.147363066758943
3	0.707106781186547	"stop_avg"	"upper"	0.3	0.35	0.4434698375	0.0185804448513571	0.15292213375	0.275724710852649	0.214323422301324	0.852636933241057	0.147363066758943
3	0.707106781186547	"stop_avg"	"upper"	0.35	0.4	0.39812119	0.0175664480539628	0.15292213375	0.275724710852649	0.214323422301324	0.852636933241057	0.147363066758943
3	0.707106781186547	"stop_avg"	"upper"	0.4	0.45	0.3535568	0.0165350433509324	0.15292213375	0.275724710852649	0.214323422301324	0.852636933241057	0.147363066758943
3	0.707106781186547	"stop_avg"	"upper"	0.45	0.5	0.310932625	0.0155104076834466	0.15292213375	0.275724710852649	0.214323422301324	0.852636933241057	0.147363066758943
3	0.707106781186547	"stop_avg"	"upper"	0.5	0.55	0.269500325	0.014511169771409	0.15292213375	0.275724710852649	0.214323422301324	0.852636933241057	0.147363066758943
3	0.707106781186547	"stop_avg"	"upper"	0.55	0.6	0.2360566775	0.0135507887175795	0.15292213375	0.275724710852649	0.214323422301324	0.852636933241057	0.147363066758943
3	0.707106781186547	"stop_avg"	"upper"	0.6	0.65	0.2168070825	0.0126382468063021	0.15292213375	0.275724710852649	0.214323422301324	0.852636933241057	0.147363066758943
3	0.707106781186547	"stop_avg"	"upper"	0.65	0.7	0.192692525	0.0117788656625702	0.15292213375	0.275724710852649	0.214323422301324	0.852636933241057	0.147363066758943
3	0.707106781186547	"stop_avg"	"upper"	0.7	0.75	0.1804091825	0.0109751160363741	0.15292213375	0.275724710852649	0.214323422301324	0.852636933241057	0.147363066758943
3	0.707106781186547	"stop_avg"	"upper"	0.75	0.8	0.163944	0.0102273463852364	0.15292213375	0.275724710852649	0.214323422301324	0.852636933241057	0.147363066758943
3	0.707106781186547	"stop_avg"	"upper"	0.8	0.85	0.15480668	0.00953439668817802	0.15292213375	0.275724710852649	0.214323422301324	0.852636933241057	0.147363066758943
3	0.707106781186547	"stop_avg"	"upper"	0.85	0.9	0.1440672425	0.00889409092449378	0.15292213375	0.275724710852649	0.214323422301324	0.852636933241057	0.147363066758943
3	0.707106781186547	"stop_avg"	"upper"	0.9	0.95	0.13857934875	0.00830361699454651	0.15292213375	0.275724710852649	0.214323422301324	0.852636933241057	0.147363066758943
3	0.707106781186547	"stop_avg"	"upper"	0.95	1	0.139508625	0.00775980998270309	0.15292213375	0.275724710852649	0.214323422301324	0.852636933241057	0.147363066758943
3	0.707106781186547	"stop_avg"	"upper"	1	2	0.1360918475	0.0877398280459109	0.15292213375	0.275724710852649	0.214323422301324	0.852636933241057	0.147363066758943
3	0.707106781186547	"stop_avg"	"upper"	2	3	0.08571359125	0.0344919145899214	0.15292213375	0.275724710852649	0.214323422301324	0.852636933241057	0.147363066758943
3	0.707106781186547	"stop_avg"	"lower"	0	0.01	0.5772237525	0.00450128151135432	0.15292213375	0.240740698460702	0.196831416105351	0.852636933241057	0.147363066758943
3	0.707106781186547	"stop_avg"	"lower"	0.01	0.02	0.5815259575	0.00449948195845373	0.15292213375	0.240740698460702	0.196831416105351	0.852636933241057	0.147363066758943
3	0.707106781186547	"stop_avg"	"lower"	0.02	0.03	0.5803036125	0.00449588716554206	0.15292213375	0.240740698460702	0.196831416105351	0.852636933241057	0.147363066758943
3	0.707106781186547	"stop_avg"	"lower"	0.03	0.04	0.58421996375	0.00449050573258936	0.15292213375	0.240740698460702	0.196831416105351	0.852636933241057	0.147363066758943
3	0.707106781186547	"stop_avg"	"lower"	0.04	0.05	0.57546654	0.00448335049531756	0.15292213375	0.240740698460702	0.196831416105351	0.852636933241057	0.147363066758943
3	0.707106781186547	"stop_avg"	"lower"	0.05	0.06	0.576377845	0.0044744384489207	0.15292213375	0.240740698460702	0.196831416105351	0.852636933241057	0.147363066758943
3	0.707106781186547	"stop_avg"	"lower"	0.06	0.07	0.58206068	0.00446379064767821	0.15292213375	0.240740698460702	0.196831416105351	0.852636933241057	0.147363066758943
3	0.707106781186547	"stop_avg"	"lower"	0.07	0.08	0.57195517	0.0044514320815614	0.15292213375	0.240740698460702	0.196831416105351	0.852636933241057	0.147363066758943
3	0.707106781186547	"stop_avg"	"lower"	0.08	0.09	0.576128405	0.00443739153117217	0.15292213375	0.240740698460702	0.196831416105351	0.852636933241057	0.147363066758943
3	0.707106781186547	"stop_avg"	"lower"	0.09	0.1	0.580401505	0.00442170140256826	0.15292213375	0.240740698460702	0.196831416105351	0.852636933241057	0.147363066758943
3	0.707106781186547	"stop_avg"	"lower"	0.1	0.15	0.56178680125	0.0218181046491426	0.15292213375	0.240740698460702	0.196831416105351	0.852636933241057	0.147363066758943
3	0.707106781186547	"stop_avg"	"lower"	0.15	0.2	0.5356616	0.0212024624216106	0.15292213375	0.240740698460702	0.196831416105351	0.852636933241057	0.147363066758943
3	0.707106781186547	"stop_avg"	"lower"	0.2	0.25	0.50227803	0.0204336199234818	0.15292213375	0.240740698460702	0.196831416105351	0.852636933241057	0.147363066758943
3	0.707106781186547	"stop_avg"	"lower"	0.25	0.3	0.4434698375	0.019547484106212	0.15292213375	0.240740698460702	0.196831416105351	0.852636933241057	0.147363066758943
3	0.707106781186547	"stop_avg"	"lower"	0.3	0.35	0.39812119	0.0185804448513571	0.15292213375	0.240740698460702	0.196831416105351	0.852636933241057	0.147363066758943
3	0.707106781186547	"stop_avg"	"lower"	0.35	0.4	0.3535568	0.0175664480539628	0.15292213375	0.240740698460702	0.196831416105351	0.852636933241057	0.147363066758943
3	0.707106781186547	"stop_avg"	"lower"	0.4	0.45	0.310932625	0.0165350433509324	0.15292213375	0.240740698460702	0.196831416105351	0.852636933241057	0.147363066758943
3	0.707106781186547	"stop_avg"	"lower"	0.45	0.5	0.269500325	0.0155104076834466	0.15292213375	0.240740698460702	0.196831416105351	0.852636933241057	0.147363066758943
3	0.707106781186547	"stop_avg"	"lower"	0.5	0.55	0.2360566775	0.014511169771409	0.15292213375	0.240740698460702	0.196831416105351	0.852636933241057	0.147363066758943
3	0.707106781186547	"stop_avg"	"lower"	0.55	0.6	0.2168070825	0.0135507887175795	0.15292213375	0.240740698460702	0.196831416105351	0.852636933241057	0.147363066758943
3	0.707106781186547	"stop_avg"	"lower"	0.6	0.65	0.192692525	0.0126382468063021	0.15292213375	0.240740698460702	0.196831416105351	0.852636933241057	0.147363066758943
3	0.707106781186547	"stop_avg"	"lower"	0.65	0.7	0.1804091825	0.0117788656625702	0.15292213375	0.240740698460702	0.196831416105351	0.852636933241057	0.147363066758943
3	0.707106781186547	"stop_avg"	"lower"	0.7	0.75	0.163944	0.0109751160363741	0.15292213375	0.240740698460702	0.196831416105351	0.852636933241057	0.147363066758943
3	0.707106781186547	"stop_avg"	"lower"	0.75	0.8	0.15480668	0.0102273463852364	0.15292213375	0.240740698460702	0.196831416105351	0.852636933241057	0.147363066758943
3	0.707106781186547	"stop_avg"	"lower"	0.8	0.85	0.1440672425	0.00953439668817802	0.15292213375	0.240740698460702	0.196831416105351	0.852636933241057	0.147363066758943
3	0.707106781186547	"stop_avg"	"lower"	0.85	0.9	0.13857934875	0.00889409092449378	0.15292213375	0.240740698460702	0.196831416105351	0.852636933241057	0.147363066758943
3	0.707106781186547	"stop_avg"	"lower"	0.9	0.95	0.139508625	0.00830361699454651	0.15292213375	0.240740698460702	0.196831416105351	0.852636933241057	0.147363066758943
3	0.707106781186547	"stop_avg"	"lower"	0.95	1	0.1360918475	0.00775980998270309	0.15292213375	0.240740698460702	0.196831416105351	0.852636933241057	0.147363066758943
3	0.707106781186547	"stop_avg"	"lower"	1	2	0.08571359125	0.0877398280459109	0.15292213375	0.240740698460702	0.196831416105351	0.852636933241057	0.147363066758943
3	0.707106781186547	"stop_avg"	"lower"	2	3	0.06882202625	0.0344919145899214	0.15292213375	0.240740698460702	0.196831416105351	0.852636933241057	0.147363066758943
3	0.707106781186547	"same_dist"	"upper"	0	0.01	0.460018436	0.00450128151135432	0.187905802	0.230397387662547	0.209151594831274	0.852636933241057	0.147363066758943
3	0.707106781186547	"same_dist"	"upper"	0.01	0.02	0.459200437	0.00449948195845373	0.187905802	0.230397387662547	0.209151594831274	0.852636933241057	0.147363066758943
3	0.707106781186547	"same_dist"	"upper"	0.02	0.03	0.460819795	0.00449588716554206	0.187905802	0.230397387662547	0.209151594831274	0.852636933241057	0.147363066758943
3	0.707106781186547	"same_dist"	"upper"	0.03	0.04	0.45764256175	0.00449050573258936	0.187905802	0.230397387662547	0.209151594831274	0.852636933241057	0.147363066758943
3	0.707106781186547	"same_dist"	"upper"	0.04	0.05	0.459135697375	0.00448335049531756	0.187905802	0.230397387662547	0.209151594831274	0.852636933241057	0.147363066758943
3	0.707106781186547	"same_dist"	"upper"	0.05	0.06	0.45630262325	0.0044744384489207	0.187905802	0.230397387662547	0.209151594831274	0.852636933241057	0.147363066758943
3	0.707106781186547	"same_dist"	"upper"	0.06	0.07	0.45487469375	0.00446379064767821	0.187905802	0.230397387662547	0.209151594831274	0.852636933241057	0.147363066758943
3	0.707106781186547	"same_dist"	"upper"	0.07	0.08	0.45495273475	0.0044514320815614	0.187905802	0.230397387662547	0.209151594831274	0.852636933241057	0.147363066758943
3	0.707106781186547	"same_dist"	"upper"	0.08	0.09	0.44888759125	0.00443739153117217	0.187905802	0.230397387662547	0.209151594831274	0.852636933241057	0.147363066758943
3	0.707106781186547	"same_dist"	"upper"	0.09	0.1	0.45060088775	0.00442170140256826	0.187905802	0.230397387662547	0.209151594831274	0.852636933241057	0.147363066758943
3	0.707106781186547	"same_dist"	"upper"	0.1	0.15	0.448660587	0.0218181046491426	0.187905802	0.230397387662547	0.209151594831274	0.852636933241057	0.147363066758943
3	0.707106781186547	"same_dist"	"upper"	0.15	0.2	0.43121454375	0.0212024624216106	0.187905802	0.230397387662547	0.209151594831274	0.852636933241057	0.147363066758943
3	0.707106781186547	"same_dist"	"upper"	0.2	0.25	0.40863352175	0.0204336199234818	0.187905802	0.230397387662547	0.209151594831274	0.852636933241057	0.147363066758943
3	0.707106781186547	"same_dist"	"upper"	0.25	0.3	0.375782971875	0.019547484106212	0.187905802	0.230397387662547	0.209151594831274	0.852636933241057	0.147363066758943
3	0.707106781186547	"same_dist"	"upper"	0.3	0.35	0.34175541375	0.0185804448513571	0.187905802	0.230397387662547	0.209151594831274	0.852636933241057	0.147363066758943
3	0.707106781186547	"same_dist"	"upper"	0.35	0.4	0.30619332725	0.0175664480539628	0.187905802	0.230397387662547	0.209151594831274	0.852636933241057	0.147363066758943
3	0.707106781186547	"same_dist"	"upper"	0.4	0.45	0.273201118	0.0165350433509324	0.187905802	0.230397387662547	0.209151594831274	0.852636933241057	0.147363066758943
3	0.707106781186547	"same_dist"	"upper"	0.45	0.5	0.24301560975	0.0155104076834466	0.187905802	0.230397387662547	0.209151594831274	0.852636933241057	0.147363066758943
3	0.707106781186547	"same_dist"	"upper"	0.5	0.55	0.2191073555	0.014511169771409	0.187905802	0.230397387662547	0.209151594831274	0.852636933241057	0.147363066758943
3	0.707106781186547	"same_dist"	"upper"	0.55	0.6	0.198401488	0.0135507887175795	0.187905802	0.230397387662547	0.209151594831274	0.852636933241057	0.147363066758943
3	0.707106781186547	"same_dist"	"upper"	0.6	0.65	0.183365852	0.0126382468063021	0.187905802	0.230397387662547	0.209151594831274	0.852636933241057	0.147363066758943
3	0.707106781186547	"same_dist"	"upper"	0.65	0.7	0.169173981125	0.0117788656625702	0.187905802	0.230397387662547	0.209151594831274	0.852636933241057	0.147363066758943
3	0.707106781186547	"same_dist"	"upper"	0.7	0.75	0.16014236775	0.0109751160363741	0.187905802	0.230397387662547	0.209151594831274	0.852636933241057	0.147363066758943
3	0.707106781186547	"same_dist"	"upper"	0.75	0.8	0.15331567125	0.0102273463852364	0.187905802	0.230397387662547	0.209151594831274	0.852636933241057	0.147363066758943
3	0.707106781186547	"same_dist"	"upper"	0.8	0.85	0.148439115	0.00953439668817802	0.187905802	0.230397387662547	0.209151594831274	0.852636933241057	0.147363066758943
3	0.707106781186547	"same_dist"	"upper"	0.85	0.9	0.14514059	0.00889409092449378	0.187905802	0.230397387662547	0.209151594831274	0.852636933241057	0.147363066758943
3	0.707106781186547	"same_dist"	"upper"	0.9	0.95	0.14264877875	0.00830361699454651	0.187905802	0.230397387662547	0.209151594831274	0.852636933241057	0.147363066758943
3	0.707106781186547	"same_dist"	"upper"	0.95	1	0.14028618375	0.00775980998270309	0.187905802	0.230397387662547	0.209151594831274	0.852636933241057	0.147363066758943
3	0.707106781186547	"same_dist"	"upper"	1	2	0.139215715	0.0877398280459109	0.187905802	0.230397387662547	0.209151594831274	0.852636933241057	0.147363066758943
3	0.707106781186547	"same_dist"	"upper"	2	3	0.103366447038204	0.0344919145899214	0.187905802	0.230397387662547	0.209151594831274	0.852636933241057	0.147363066758943
3	0.707106781186547	"same_dist"	"lower"	0	0.01	0.459200437	0.00450128151135432	0.187905802	0.200005061538118	0.193955431769059	0.852636933241057	0.147363066758943
3	0.707106781186547	"same_dist"	"lower"	0.01	0.02	0.460819795	0.00449948195845373	0.187905802	0.200005061538118	0.193955431769059	0.852636933241057	0.147363066758943
3	0.707106781186547	"same_dist"	"lower"	0.02	0.03	0.45764256175	0.00449588716554206	0.187905802	0.200005061538118	0.193955431769059	0.852636933241057	0.147363066758943
3	0.707106781186547	"same_dist"	"lower"	0.03	0.04	0.459135697375	0.00449050573258936	0.187905802	0.200005061538118	0.193955431769059	0.852636933241057	0.147363066758943
3	0.707106781186547	"same_dist"	"lower"	0.04	0.05	0.45630262325	0.00448335049531756	0.187905802	0.200005061538118	0.193955431769059	0.852636933241057	0.147363066758943
3	0.707106781186547	"same_dist"	"lower"	0.05	0.06	0.45487469375	0.0044744384489207	0.187905802	0.200005061538118	0.193955431769059	0.852636933241057	0.147363066758943
3	0.707106781186547	"same_dist"	"lower"	0.06	0.07	0.45495273475	0.00446379064767821	0.187905802	0.200005061538118	0.193955431769059	0.852636933241057	0.147363066758943
3	0.707106781186547	"same_dist"	"lower"	0.07	0.08	0.44888759125	0.0044514320815614	0.187905802	0.200005061538118	0.193955431769059	0.852636933241057	0.147363066758943
3	0.707106781186547	"same_dist"	"lower"	0.08	0.09	0.45060088775	0.00443739153117217	0.187905802	0.200005061538118	0.193955431769059	0.852636933241057	0.147363066758943
3	0.707106781186547	"same_dist"	"lower"	0.09	0.1	0.448660587	0.00442170140256826	0.187905802	0.200005061538118	0.193955431769059	0.852636933241057	0.147363066758943
3	0.707106781186547	"same_dist"	"lower"	0.1	0.15	0.43121454375	0.0218181046491426	0.187905802	0.200005061538118	0.193955431769059	0.852636933241057	0.147363066758943
3	0.707106781186547	"same_dist"	"lower"	0.15	0.2	0.40863352175	0.0212024624216106	0.187905802	0.200005061538118	0.193955431769059	0.852636933241057	0.147363066758943
3	0.707106781186547	"same_dist"	"lower"	0.2	0.25	0.375782971875	0.0204336199234818	0.187905802	0.200005061538118	0.193955431769059	0.852636933241057	0.147363066758943
3	0.707106781186547	"same_dist"	"lower"	0.25	0.3	0.34175541375	0.019547484106212	0.187905802	0.200005061538118	0.193955431769059	0.852636933241057	0.147363066758943
3	0.707106781186547	"same_dist"	"lower"	0.3	0.35	0.30619332725	0.0185804448513571	0.187905802	0.200005061538118	0.193955431769059	0.852636933241057	0.147363066758943
3	0.707106781186547	"same_dist"	"lower"	0.35	0.4	0.273201118	0.0175664480539628	0.187905802	0.200005061538118	0.193955431769059	0.852636933241057	0.147363066758943
3	0.707106781186547	"same_dist"	"lower"	0.4	0.45	0.24301560975	0.0165350433509324	0.187905802	0.200005061538118	0.193955431769059	0.852636933241057	0.147363066758943
3	0.707106781186547	"same_dist"	"lower"	0.45	0.5	0.2191073555	0.0155104076834466	0.187905802	0.200005061538118	0.193955431769059	0.852636933241057	0.147363066758943
3	0.707106781186547	"same_dist"	"lower"	0.5	0.55	0.198401488	0.014511169771409	0.187905802	0.200005061538118	0.193955431769059	0.852636933241057	0.147363066758943
3	0.707106781186547	"same_dist"	"lower"	0.55	0.6	0.183365852	0.0135507887175795	0.187905802	0.200005061538118	0.193955431769059	0.852636933241057	0.147363066758943
3	0.707106781186547	"same_dist"	"lower"	0.6	0.65	0.169173981125	0.0126382468063021	0.187905802	0.200005061538118	0.193955431769059	0.852636933241057	0.147363066758943
3	0.707106781186547	"same_dist"	"lower"	0.65	0.7	0.16014236775	0.0117788656625702	0.187905802	0.200005061538118	0.193955431769059	0.852636933241057	0.147363066758943
3	0.707106781186547	"same_dist"	"lower"	0.7	0.75	0.15331567125	0.0109751160363741	0.187905802	0.200005061538118	0.193955431769059	0.852636933241057	0.147363066758943
3	0.707106781186547	"same_dist"	"lower"	0.75	0.8	0.148439115	0.0102273463852364	0.187905802	0.200005061538118	0.193955431769059	0.852636933241057	0.147363066758943
3	0.707106781186547	"same_dist"	"lower"	0.8	0.85	0.14514059	0.00953439668817802	0.187905802	0.200005061538118	0.193955431769059	0.852636933241057	0.147363066758943
3	0.707106781186547	"same_dist"	"lower"	0.85	0.9	0.14264877875	0.00889409092449378	0.187905802	0.200005061538118	0.193955431769059	0.852636933241057	0.147363066758943
3	0.707106781186547	"same_dist"	"lower"	0.9	0.95	0.14028618375	0.00830361699454651	0.187905802	0.200005061538118	0.193955431769059	0.852636933241057	0.147363066758943
3	0.707106781186547	"same_dist"	"lower"	0.95	1	0.139215715	0.00775980998270309	0.187905802	0.200005061538118	0.193955431769059	0.852636933241057	0.147363066758943
3	0.707106781186547	"same_dist"	"lower"	1	2	0.103366447038204	0.0877398280459109	0.187905802	0.200005061538118	0.193955431769059	0.852636933241057	0.147363066758943
3	0.707106781186547	"same_dist"	"lower"	2	3	0.0799289202327327	0.0344919145899214	0.187905802	0.200005061538118	0.193955431769059	0.852636933241057	0.147363066758943
