"trueDelta"	"n_max"	"walk_profile"	"profile_pct"	"n"	"count_at_n"	"log_q25"	"log_median"	"log_q75"	"p_optstop_h1"	"p_fixed_h1"	"p_opt_only"	"p_fix_only"	"n_reps"
0	10	"OptStop indecisive, n_max indecisive"	0.937	2	937	-0.648816443761359	-0.129900336355329	0.413017759783368	0	0	0	0	1000
0	10	"OptStop indecisive, n_max indecisive"	0.937	3	937	-0.772219022766623	-0.252731518843628	0.276022193842052	0	0	0	0	1000
0	10	"OptStop indecisive, n_max indecisive"	0.937	4	937	-0.904211193126567	-0.289034049531776	0.298141744704319	0	0	0	0	1000
0	10	"OptStop indecisive, n_max indecisive"	0.937	5	937	-1.03563307779796	-0.360899632220336	0.302660430265503	0	0	0	0	1000
0	10	"OptStop indecisive, n_max indecisive"	0.937	6	937	-1.16209622837384	-0.495466618965429	0.242961754246657	0	0	0	0	1000
0	10	"OptStop indecisive, n_max indecisive"	0.937	7	937	-1.32782368432877	-0.603568250649252	0.21460454304185	0	0	0	0	1000
0	10	"OptStop indecisive, n_max indecisive"	0.937	8	937	-1.41615931781769	-0.691426723100236	0.132914513229795	0	0	0	0	1000
0	10	"OptStop indecisive, n_max indecisive"	0.937	9	937	-1.54779645433093	-0.828991671732224	0.0800394641098931	0	0	0	0	1000
0	10	"OptStop indecisive, n_max indecisive"	0.937	10	937	-1.73352072707788	-0.950155183123926	0.0407790721997384	0	0	0	0	1000
0	10	"OptStop H0, n_max H0"	0.056	2	56	-0.840815028842416	-0.743424822131998	-0.536103016445315	0	0	0	0	1000
0	10	"OptStop H0, n_max H0"	0.056	3	56	-1.23670440489267	-1.09315178474587	-0.810651368606105	0	0	0	0	1000
0	10	"OptStop H0, n_max H0"	0.056	4	56	-1.60857161124411	-1.37811163335662	-1.09938181311135	0	0	0	0	1000
0	10	"OptStop H0, n_max H0"	0.056	5	56	-1.87956937714799	-1.67546022895559	-1.33627440902104	0	0	0	0	1000
0	10	"OptStop H0, n_max H0"	0.056	6	56	-2.26653738141643	-1.98305116354156	-1.71761930225891	0	0	0	0	1000
0	10	"OptStop H0, n_max H0"	0.056	7	56	-2.61695750156384	-2.2944360523612	-2.07405449809334	0	0	0	0	1000
0	10	"OptStop H0, n_max H0"	0.056	8	54	-2.88526515255151	-2.5817004553904	-2.43304567192814	0	0	0	0	1000
0	10	"OptStop H0, n_max H0"	0.056	9	44	-3.07313540437843	-2.95347270878247	-2.76313428460685	0	0	0	0	1000
0	10	"OptStop H0, n_max H0"	0.056	10	56	-3.53852990553225	-3.3296144666931	-3.14662987205724	0	0	0	0	1000
0	10	"OptStop H0, n_max indecisive"	0.007	2	7	-0.849342022016685	-0.83336203383143	-0.192473063623457	0	0	0	0	1000
0	10	"OptStop H0, n_max indecisive"	0.007	3	7	-1.16683562598208	-0.680898382496274	-0.622982217219944	0	0	0	0	1000
0	10	"OptStop H0, n_max indecisive"	0.007	4	7	-1.37748250168273	-1.12138367187801	-0.984777619715636	0	0	0	0	1000
0	10	"OptStop H0, n_max indecisive"	0.007	5	7	-1.81411155810706	-1.45079842530567	-1.29086112322582	0	0	0	0	1000
0	10	"OptStop H0, n_max indecisive"	0.007	6	7	-2.01010777586302	-1.83486097168172	-1.72315334941194	0	0	0	0	1000
0	10	"OptStop H0, n_max indecisive"	0.007	7	7	-2.43899092963238	-2.33760914544847	-2.2430134346438	0	0	0	0	1000
0	10	"OptStop H0, n_max indecisive"	0.007	8	6	-2.82700948604764	-2.75922302181741	-2.73227126552389	0	0	0	0	1000
0	10	"OptStop H0, n_max indecisive"	0.007	9	5	-3.15163042267141	-3.14071871620989	-3.12382381422912	0	0	0	0	1000
0	10	"OptStop H0, n_max indecisive"	0.007	10	7	-2.89317778292919	-2.76395455947815	-2.50213935964813	0	0	0	0	1000
0.05	10	"OptStop indecisive, n_max indecisive"	0.969	2	969	-0.638829386698913	-0.120955039649887	0.420220907164712	0	0	0	0	1000
0.05	10	"OptStop indecisive, n_max indecisive"	0.969	3	969	-0.757308872675882	-0.184522081755209	0.393886755338397	0	0	0	0	1000
0.05	10	"OptStop indecisive, n_max indecisive"	0.969	4	969	-0.837637943417336	-0.231838072181599	0.407166065179738	0	0	0	0	1000
0.05	10	"OptStop indecisive, n_max indecisive"	0.969	5	969	-0.961405624992722	-0.309852376398272	0.334958367224184	0	0	0	0	1000
0.05	10	"OptStop indecisive, n_max indecisive"	0.969	6	969	-1.09037536114933	-0.380311391683829	0.351252813294801	0	0	0	0	1000
0.05	10	"OptStop indecisive, n_max indecisive"	0.969	7	969	-1.26813421404467	-0.425269112663436	0.312693790876085	0	0	0	0	1000
0.05	10	"OptStop indecisive, n_max indecisive"	0.969	8	969	-1.35076289669486	-0.556338335857381	0.282160590838505	0	0	0	0	1000
0.05	10	"OptStop indecisive, n_max indecisive"	0.969	9	969	-1.48177721043085	-0.58287550093544	0.260907573711664	0	0	0	0	1000
0.05	10	"OptStop indecisive, n_max indecisive"	0.969	10	969	-1.61610356449555	-0.676839159870795	0.2614927945695	0	0	0	0	1000
0.05	10	"OptStop H0, n_max H0"	0.027	2	27	-0.811979570603922	-0.745796779209155	-0.514176627701935	0	0	0	0	1000
0.05	10	"OptStop H0, n_max H0"	0.027	3	27	-1.26031611708191	-1.11190073177252	-0.903039630790155	0	0	0	0	1000
0.05	10	"OptStop H0, n_max H0"	0.027	4	27	-1.6860472002724	-1.43973419794435	-1.16206194684594	0	0	0	0	1000
0.05	10	"OptStop H0, n_max H0"	0.027	5	27	-2.02085097678826	-1.77931167768638	-1.57928078956941	0	0	0	0	1000
0.05	10	"OptStop H0, n_max H0"	0.027	6	27	-2.4033848227368	-2.11967089578351	-1.70961533654347	0	0	0	0	1000
0.05	10	"OptStop H0, n_max H0"	0.027	7	27	-2.69937445600183	-2.3456570570856	-2.07575443070338	0	0	0	0	1000
0.05	10	"OptStop H0, n_max H0"	0.027	8	25	-3.00295625997909	-2.67206277745514	-2.37522666096856	0	0	0	0	1000
0.05	10	"OptStop H0, n_max H0"	0.027	9	18	-3.11853299468423	-2.9096846073846	-2.79930095498053	0	0	0	0	1000
0.05	10	"OptStop H0, n_max H0"	0.027	10	27	-3.53699351383263	-3.3457863712858	-3.2032499157763	0	0	0	0	1000
0.05	10	"OptStop H0, n_max indecisive"	0.004	2	4	-0.858801907212134	-0.832390181467175	-0.744339543104236	0	0	0	0	1000
0.05	10	"OptStop H0, n_max indecisive"	0.004	3	4	-1.32449956166036	-1.25430098703763	-1.12786363744449	0	0	0	0	1000
0.05	10	"OptStop H0, n_max indecisive"	0.004	4	4	-1.75908448183289	-1.68703782478933	-1.56253121634532	0	0	0	0	1000
0.05	10	"OptStop H0, n_max indecisive"	0.004	5	4	-1.91282111118795	-1.79772576906315	-1.77534830576278	0	0	0	0	1000
0.05	10	"OptStop H0, n_max indecisive"	0.004	6	4	-2.37905365654646	-2.24808638911189	-2.0629526037401	0	0	0	0	1000
0.05	10	"OptStop H0, n_max indecisive"	0.004	7	4	-2.7810727800746	-2.69970636293658	-2.53424664885072	0	0	0	0	1000
0.05	10	"OptStop H0, n_max indecisive"	0.004	8	3	-3.1308315444146	-3.10654035198884	-2.83510829480358	0	0	0	0	1000
0.05	10	"OptStop H0, n_max indecisive"	0.004	9	1	-3.06752026858272	-3.06752026858272	-3.06752026858272	0	0	0	0	1000
0.05	10	"OptStop H0, n_max indecisive"	0.004	10	4	-2.63336074496186	-2.56254461579513	-2.54052354832674	0	0	0	0	1000
0.1	10	"OptStop indecisive, n_max indecisive"	0.965	2	965	-0.624669447774305	-0.0792375352171028	0.437119439078378	0.001	0.001	0	0	1000
0.1	10	"OptStop indecisive, n_max indecisive"	0.965	3	965	-0.722015374836738	-0.179487115389676	0.408181447251454	0.001	0.001	0	0	1000
0.1	10	"OptStop indecisive, n_max indecisive"	0.965	4	965	-0.862025879693461	-0.208634014830563	0.425761538649147	0.001	0.001	0	0	1000
0.1	10	"OptStop indecisive, n_max indecisive"	0.965	5	965	-0.946607343567464	-0.31653193019509	0.386759664637408	0.001	0.001	0	0	1000
0.1	10	"OptStop indecisive, n_max indecisive"	0.965	6	965	-1.0634642750814	-0.302128440185852	0.396506732461119	0.001	0.001	0	0	1000
0.1	10	"OptStop indecisive, n_max indecisive"	0.965	7	965	-1.18473638272082	-0.391738558131163	0.359126873798283	0.001	0.001	0	0	1000
0.1	10	"OptStop indecisive, n_max indecisive"	0.965	8	965	-1.29290920868004	-0.427885198508048	0.363509700699022	0.001	0.001	0	0	1000
0.1	10	"OptStop indecisive, n_max indecisive"	0.965	9	965	-1.37822354924417	-0.487193041393818	0.360290904987527	0.001	0.001	0	0	1000
0.1	10	"OptStop indecisive, n_max indecisive"	0.965	10	965	-1.43979242632485	-0.519854191020584	0.369665003005612	0.001	0.001	0	0	1000
0.1	10	"OptStop H0, n_max H0"	0.029	2	29	-0.856721988496535	-0.807022642785797	-0.646659246733672	0.001	0.001	0	0	1000
0.1	10	"OptStop H0, n_max H0"	0.029	3	29	-1.27600797780679	-1.07827033737146	-0.728092823902269	0.001	0.001	0	0	1000
0.1	10	"OptStop H0, n_max H0"	0.029	4	29	-1.56832326464395	-1.46830314225145	-1.07857634995117	0.001	0.001	0	0	1000
0.1	10	"OptStop H0, n_max H0"	0.029	5	29	-2.00678617976252	-1.77963586452686	-1.50837651687516	0.001	0.001	0	0	1000
0.1	10	"OptStop H0, n_max H0"	0.029	6	29	-2.25396735757398	-2.08120697954316	-1.76926254535748	0.001	0.001	0	0	1000
0.1	10	"OptStop H0, n_max H0"	0.029	7	29	-2.5443725011992	-2.32829587224361	-2.10992561901503	0.001	0.001	0	0	1000
0.1	10	"OptStop H0, n_max H0"	0.029	8	29	-2.88640841409092	-2.71181467539173	-2.43352286992518	0.001	0.001	0	0	1000
0.1	10	"OptStop H0, n_max H0"	0.029	9	23	-3.16487353602598	-2.9740014158651	-2.84116614235919	0.001	0.001	0	0	1000
0.1	10	"OptStop H0, n_max H0"	0.029	10	29	-3.56992091739564	-3.27684764623433	-3.13525258239458	0.001	0.001	0	0	1000
0.1	10	"OptStop H0, n_max indecisive"	0.005	2	5	-0.85040658044234	-0.735217313657806	-0.340708665304731	0.001	0.001	0	0	1000
0.1	10	"OptStop H0, n_max indecisive"	0.005	3	5	-1.02007601378765	-0.98101633651079	-0.602722440329174	0.001	0.001	0	0	1000
0.1	10	"OptStop H0, n_max indecisive"	0.005	4	5	-1.27425716335553	-1.27244877959693	-1.03008353534911	0.001	0.001	0	0	1000
0.1	10	"OptStop H0, n_max indecisive"	0.005	5	5	-1.69178459316084	-1.5777926504257	-1.57511792815615	0.001	0.001	0	0	1000
0.1	10	"OptStop H0, n_max indecisive"	0.005	6	5	-2.13563297637463	-1.99732488113857	-1.9099307973248	0.001	0.001	0	0	1000
0.1	10	"OptStop H0, n_max indecisive"	0.005	7	5	-2.47891115989338	-2.40741759526882	-2.29145646280085	0.001	0.001	0	0	1000
0.1	10	"OptStop H0, n_max indecisive"	0.005	8	5	-2.88363821169381	-2.75206838001309	-2.73832312927179	0.001	0.001	0	0	1000
0.1	10	"OptStop H0, n_max indecisive"	0.005	9	4	-3.19746380827931	-3.18566303808846	-3.18174873882045	0.001	0.001	0	0	1000
0.1	10	"OptStop H0, n_max indecisive"	0.005	10	5	-2.90911871901671	-2.87787886314157	-2.83241325287002	0.001	0.001	0	0	1000
0.1	10	"OptStop H1, n_max H1"	0.001	2	1	0.552427341640427	0.552427341640427	0.552427341640427	0.001	0.001	0	0	1000
0.1	10	"OptStop H1, n_max H1"	0.001	3	1	0.914468278732799	0.914468278732799	0.914468278732799	0.001	0.001	0	0	1000
0.1	10	"OptStop H1, n_max H1"	0.001	4	1	1.23628205114031	1.23628205114031	1.23628205114031	0.001	0.001	0	0	1000
0.1	10	"OptStop H1, n_max H1"	0.001	5	1	1.57987528605024	1.57987528605024	1.57987528605024	0.001	0.001	0	0	1000
0.1	10	"OptStop H1, n_max H1"	0.001	6	1	1.85030866977653	1.85030866977653	1.85030866977653	0.001	0.001	0	0	1000
0.1	10	"OptStop H1, n_max H1"	0.001	7	1	2.22354755834726	2.22354755834726	2.22354755834726	0.001	0.001	0	0	1000
0.1	10	"OptStop H1, n_max H1"	0.001	8	1	2.53856455340146	2.53856455340146	2.53856455340146	0.001	0.001	0	0	1000
0.1	10	"OptStop H1, n_max H1"	0.001	9	1	2.64858441467773	2.64858441467773	2.64858441467773	0.001	0.001	0	0	1000
0.1	10	"OptStop H1, n_max H1"	0.001	10	1	3.02719492843117	3.02719492843117	3.02719492843117	0.001	0.001	0	0	1000
0.15	10	"OptStop indecisive, n_max indecisive"	0.973	2	973	-0.563341969169109	-0.00712019075028476	0.490609736775006	0	0	0	0	1000
0.15	10	"OptStop indecisive, n_max indecisive"	0.973	3	973	-0.695174867321104	-0.0212327265742667	0.569632286961738	0	0	0	0	1000
0.15	10	"OptStop indecisive, n_max indecisive"	0.973	4	973	-0.76784567573834	-0.133527696277394	0.597950866277574	0	0	0	0	1000
0.15	10	"OptStop indecisive, n_max indecisive"	0.973	5	973	-0.868285182676861	-0.233146988544824	0.58939941494887	0	0	0	0	1000
0.15	10	"OptStop indecisive, n_max indecisive"	0.973	6	973	-0.936412051836526	-0.258058473472726	0.618241705602947	0	0	0	0	1000
0.15	10	"OptStop indecisive, n_max indecisive"	0.973	7	973	-1.06075457732856	-0.271289906784588	0.60327468243338	0	0	0	0	1000
0.15	10	"OptStop indecisive, n_max indecisive"	0.973	8	973	-1.17926745636262	-0.22941659454142	0.56987128895704	0	0	0	0	1000
0.15	10	"OptStop indecisive, n_max indecisive"	0.973	9	973	-1.23890840467573	-0.314080274221466	0.604297601187456	0	0	0	0	1000
0.15	10	"OptStop indecisive, n_max indecisive"	0.973	10	973	-1.32269320835911	-0.307773783442338	0.689729673468078	0	0	0	0	1000
0.15	10	"OptStop H0, n_max H0"	0.023	2	23	-0.82017477309519	-0.704753717699015	-0.471387213299686	0	0	0	0	1000
0.15	10	"OptStop H0, n_max H0"	0.023	3	23	-1.16903291355175	-0.942173497610483	-0.663159809762439	0	0	0	0	1000
0.15	10	"OptStop H0, n_max H0"	0.023	4	23	-1.43998522750433	-1.21511740296465	-0.941257666835877	0	0	0	0	1000
0.15	10	"OptStop H0, n_max H0"	0.023	5	23	-1.81177895642441	-1.67666277671664	-1.35817177169048	0	0	0	0	1000
0.15	10	"OptStop H0, n_max H0"	0.023	6	23	-2.16095040210574	-1.9132912562032	-1.69504230300837	0	0	0	0	1000
0.15	10	"OptStop H0, n_max H0"	0.023	7	23	-2.41106801984144	-2.31755176725212	-2.01904810838483	0	0	0	0	1000
0.15	10	"OptStop H0, n_max H0"	0.023	8	23	-2.84286083215108	-2.63064061327623	-2.44869854520165	0	0	0	0	1000
0.15	10	"OptStop H0, n_max H0"	0.023	9	20	-3.10629851496831	-2.8932845667318	-2.73733278124936	0	0	0	0	1000
0.15	10	"OptStop H0, n_max H0"	0.023	10	23	-3.5167319602968	-3.28933104818903	-3.15045059871288	0	0	0	0	1000
0.15	10	"OptStop H0, n_max indecisive"	0.004	2	4	-0.840663929323999	-0.777390097895532	-0.397036480793136	0	0	0	0	1000
0.15	10	"OptStop H0, n_max indecisive"	0.004	3	4	-1.16834879203407	-1.16388827594356	-1.05737659029176	0	0	0	0	1000
0.15	10	"OptStop H0, n_max indecisive"	0.004	4	4	-1.58712796377279	-1.53121311351641	-1.42845587176123	0	0	0	0	1000
0.15	10	"OptStop H0, n_max indecisive"	0.004	5	4	-2.05476245897738	-1.99579621491856	-1.87015329715442	0	0	0	0	1000
0.15	10	"OptStop H0, n_max indecisive"	0.004	6	4	-2.43737857781033	-2.30022900812293	-2.15010366181906	0	0	0	0	1000
0.15	10	"OptStop H0, n_max indecisive"	0.004	7	4	-2.89385377836063	-2.76892170456034	-2.62913915243719	0	0	0	0	1000
0.15	10	"OptStop H0, n_max indecisive"	0.004	8	3	-3.14736811835492	-3.02567141621073	-2.94961308109003	0	0	0	0	1000
0.15	10	"OptStop H0, n_max indecisive"	0.004	9	1	-3.02891125575972	-3.02891125575972	-3.02891125575972	0	0	0	0	1000
0.15	10	"OptStop H0, n_max indecisive"	0.004	10	4	-2.62538293039052	-2.30048466576008	-1.96828395533654	0	0	0	0	1000
0.2	10	"OptStop indecisive, n_max indecisive"	0.983	2	983	-0.552175669952977	0.0176813654132213	0.503206026383388	0	0	0	0	1000
0.2	10	"OptStop indecisive, n_max indecisive"	0.983	3	983	-0.617999080377748	-0.0117941921355448	0.560299945622466	0	0	0	0	1000
0.2	10	"OptStop indecisive, n_max indecisive"	0.983	4	983	-0.710104881239766	-0.0132198498288799	0.566369734341275	0	0	0	0	1000
0.2	10	"OptStop indecisive, n_max indecisive"	0.983	5	983	-0.763506950602643	-0.0905641655782308	0.621943569727019	0	0	0	0	1000
0.2	10	"OptStop indecisive, n_max indecisive"	0.983	6	983	-0.8667987854032	-0.139469958032274	0.618286087838801	0	0	0	0	1000
0.2	10	"OptStop indecisive, n_max indecisive"	0.983	7	983	-0.94301320838849	-0.16191167275639	0.630919848312838	0	0	0	0	1000
0.2	10	"OptStop indecisive, n_max indecisive"	0.983	8	983	-1.07320172550815	-0.12345136656826	0.601399955211853	0	0	0	0	1000
0.2	10	"OptStop indecisive, n_max indecisive"	0.983	9	983	-1.06767620923418	-0.137843521744615	0.643472168083145	0	0	0	0	1000
0.2	10	"OptStop indecisive, n_max indecisive"	0.983	10	983	-1.13620722469489	-0.183695051375363	0.675301208730195	0	0	0	0	1000
0.2	10	"OptStop H0, n_max H0"	0.016	2	16	-0.826145155332912	-0.737863602637641	-0.587041093649508	0	0	0	0	1000
0.2	10	"OptStop H0, n_max H0"	0.016	3	16	-1.20038484694298	-1.1059753341043	-0.978795378912298	0	0	0	0	1000
0.2	10	"OptStop H0, n_max H0"	0.016	4	16	-1.64062708450884	-1.48540509290741	-1.1143755706786	0	0	0	0	1000
0.2	10	"OptStop H0, n_max H0"	0.016	5	16	-2.05595977675492	-1.74135260371096	-1.47773109815675	0	0	0	0	1000
0.2	10	"OptStop H0, n_max H0"	0.016	6	16	-2.30686408845207	-2.16413600371901	-1.959974252529	0	0	0	0	1000
0.2	10	"OptStop H0, n_max H0"	0.016	7	16	-2.65371770672188	-2.42169477218775	-2.08946780006418	0	0	0	0	1000
0.2	10	"OptStop H0, n_max H0"	0.016	8	15	-2.85545612273415	-2.64959891166599	-2.45516586023295	0	0	0	0	1000
0.2	10	"OptStop H0, n_max H0"	0.016	9	13	-3.10206131512067	-2.92854630251144	-2.73919811203372	0	0	0	0	1000
0.2	10	"OptStop H0, n_max H0"	0.016	10	16	-3.47219945592292	-3.30874343435467	-3.17850931744769	0	0	0	0	1000
0.2	10	"OptStop H0, n_max indecisive"	0.001	2	1	-0.653672938621749	-0.653672938621749	-0.653672938621749	0	0	0	0	1000
0.2	10	"OptStop H0, n_max indecisive"	0.001	3	1	-0.986169871476472	-0.986169871476472	-0.986169871476472	0	0	0	0	1000
0.2	10	"OptStop H0, n_max indecisive"	0.001	4	1	-1.45720775670342	-1.45720775670342	-1.45720775670342	0	0	0	0	1000
0.2	10	"OptStop H0, n_max indecisive"	0.001	5	1	-1.79980186070262	-1.79980186070262	-1.79980186070262	0	0	0	0	1000
0.2	10	"OptStop H0, n_max indecisive"	0.001	6	1	-2.28220965464536	-2.28220965464536	-2.28220965464536	0	0	0	0	1000
0.2	10	"OptStop H0, n_max indecisive"	0.001	7	1	-2.75967522977079	-2.75967522977079	-2.75967522977079	0	0	0	0	1000
0.2	10	"OptStop H0, n_max indecisive"	0.001	8	1	-3.08889631315706	-3.08889631315706	-3.08889631315706	0	0	0	0	1000
0.2	10	"OptStop H0, n_max indecisive"	0.001	10	1	-2.94776226770849	-2.94776226770849	-2.94776226770849	0	0	0	0	1000
0.25	10	"OptStop indecisive, n_max indecisive"	0.985	2	985	-0.519193522599361	0.0244468497501707	0.496227240542157	0.001	0.001	0	0	1000
0.25	10	"OptStop indecisive, n_max indecisive"	0.985	3	985	-0.603942866943856	0.0347732473694246	0.549786550763939	0.001	0.001	0	0	1000
0.25	10	"OptStop indecisive, n_max indecisive"	0.985	4	985	-0.672536515356879	0.000950451246847004	0.584894578161648	0.001	0.001	0	0	1000
0.25	10	"OptStop indecisive, n_max indecisive"	0.985	5	985	-0.743030945508932	-0.0501217216471851	0.658897564359048	0.001	0.001	0	0	1000
0.25	10	"OptStop indecisive, n_max indecisive"	0.985	6	985	-0.800349191420563	-0.0486266481931085	0.692458769323886	0.001	0.001	0	0	1000
0.25	10	"OptStop indecisive, n_max indecisive"	0.985	7	985	-0.886780960167303	-0.0784473380591671	0.725179347916443	0.001	0.001	0	0	1000
0.25	10	"OptStop indecisive, n_max indecisive"	0.985	8	985	-0.891695136092954	-0.089484402819408	0.703611443527392	0.001	0.001	0	0	1000
0.25	10	"OptStop indecisive, n_max indecisive"	0.985	9	985	-0.997601243231067	-0.13700688830849	0.774720685605718	0.001	0.001	0	0	1000
0.25	10	"OptStop indecisive, n_max indecisive"	0.985	10	985	-1.054287717225	-0.121329511912188	0.788916903371089	0.001	0.001	0	0	1000
0.25	10	"OptStop H0, n_max H0"	0.012	2	12	-0.807288972603412	-0.767254982262641	-0.605089796527947	0.001	0.001	0	0	1000
0.25	10	"OptStop H0, n_max H0"	0.012	3	12	-1.14991450913707	-1.06570942449547	-0.891907103238424	0.001	0.001	0	0	1000
0.25	10	"OptStop H0, n_max H0"	0.012	4	12	-1.4973720495835	-1.45279583995636	-1.23958854309238	0.001	0.001	0	0	1000
0.25	10	"OptStop H0, n_max H0"	0.012	5	12	-1.85666124809871	-1.64108291271271	-1.50931758269344	0.001	0.001	0	0	1000
0.25	10	"OptStop H0, n_max H0"	0.012	6	12	-2.16328300948086	-1.88719625284423	-1.73360393965065	0.001	0.001	0	0	1000
0.25	10	"OptStop H0, n_max H0"	0.012	7	12	-2.4636399810725	-2.25362543635035	-2.08936638089693	0.001	0.001	0	0	1000
0.25	10	"OptStop H0, n_max H0"	0.012	8	12	-2.92073896034244	-2.69219540377552	-2.47000349999543	0.001	0.001	0	0	1000
0.25	10	"OptStop H0, n_max H0"	0.012	9	11	-3.12919306330911	-2.90352505908292	-2.68416174952468	0.001	0.001	0	0	1000
0.25	10	"OptStop H0, n_max H0"	0.012	10	12	-3.52268542518177	-3.21901959444116	-3.06160364745198	0.001	0.001	0	0	1000
0.25	10	"OptStop H1, n_max H1"	0.001	2	1	0.507096517635482	0.507096517635482	0.507096517635482	0.001	0.001	0	0	1000
0.25	10	"OptStop H1, n_max H1"	0.001	3	1	0.880926805672889	0.880926805672889	0.880926805672889	0.001	0.001	0	0	1000
0.25	10	"OptStop H1, n_max H1"	0.001	4	1	1.24821615674599	1.24821615674599	1.24821615674599	0.001	0.001	0	0	1000
0.25	10	"OptStop H1, n_max H1"	0.001	5	1	1.53117079288157	1.53117079288157	1.53117079288157	0.001	0.001	0	0	1000
0.25	10	"OptStop H1, n_max H1"	0.001	6	1	1.61794475496064	1.61794475496064	1.61794475496064	0.001	0.001	0	0	1000
0.25	10	"OptStop H1, n_max H1"	0.001	7	1	2.00297696817302	2.00297696817302	2.00297696817302	0.001	0.001	0	0	1000
0.25	10	"OptStop H1, n_max H1"	0.001	8	1	2.35974267184822	2.35974267184822	2.35974267184822	0.001	0.001	0	0	1000
0.25	10	"OptStop H1, n_max H1"	0.001	9	1	2.73123024196474	2.73123024196474	2.73123024196474	0.001	0.001	0	0	1000
0.25	10	"OptStop H1, n_max H1"	0.001	10	1	3.11541024186797	3.11541024186797	3.11541024186797	0.001	0.001	0	0	1000
0.25	10	"OptStop H0, n_max indecisive"	0.002	2	2	-0.839045720241517	-0.818205937819306	-0.797366155397094	0.001	0.001	0	0	1000
0.25	10	"OptStop H0, n_max indecisive"	0.002	3	2	-1.24901807410285	-1.22514785205226	-1.20127763000167	0.001	0.001	0	0	1000
0.25	10	"OptStop H0, n_max indecisive"	0.002	4	2	-1.45746625434099	-1.3999378554231	-1.34240945650521	0.001	0.001	0	0	1000
0.25	10	"OptStop H0, n_max indecisive"	0.002	5	2	-1.74501431611208	-1.71346151909651	-1.68190872208094	0.001	0.001	0	0	1000
0.25	10	"OptStop H0, n_max indecisive"	0.002	6	2	-2.1349737805096	-2.13495768334142	-2.13494158617323	0.001	0.001	0	0	1000
0.25	10	"OptStop H0, n_max indecisive"	0.002	7	2	-2.46876511064105	-2.34666080502921	-2.22455649941738	0.001	0.001	0	0	1000
0.25	10	"OptStop H0, n_max indecisive"	0.002	8	2	-2.89944320414229	-2.78327643271123	-2.66710966128018	0.001	0.001	0	0	1000
0.25	10	"OptStop H0, n_max indecisive"	0.002	9	1	-3.01194433993513	-3.01194433993513	-3.01194433993513	0.001	0.001	0	0	1000
0.25	10	"OptStop H0, n_max indecisive"	0.002	10	2	-2.64424441302793	-2.36175737875053	-2.07927034447312	0.001	0.001	0	0	1000
0.3	10	"OptStop indecisive, n_max indecisive"	0.989	2	989	-0.493747556817931	0.137842070446914	0.519840048783596	0.003	0.003	0	0	1000
0.3	10	"OptStop indecisive, n_max indecisive"	0.989	3	989	-0.495786578495811	0.109416306116999	0.60536745565856	0.003	0.003	0	0	1000
0.3	10	"OptStop indecisive, n_max indecisive"	0.989	4	989	-0.601661550373135	0.12844230807563	0.693607485162034	0.003	0.003	0	0	1000
0.3	10	"OptStop indecisive, n_max indecisive"	0.989	5	989	-0.597012964652184	0.134358469530352	0.731903026275853	0.003	0.003	0	0	1000
0.3	10	"OptStop indecisive, n_max indecisive"	0.989	6	989	-0.66007929428244	0.118240607399865	0.777427322669874	0.003	0.003	0	0	1000
0.3	10	"OptStop indecisive, n_max indecisive"	0.989	7	989	-0.679226393774054	0.0961008757105594	0.850930488737912	0.003	0.003	0	0	1000
0.3	10	"OptStop indecisive, n_max indecisive"	0.989	8	989	-0.779264217884591	0.114346354029675	0.904113194657941	0.003	0.003	0	0	1000
0.3	10	"OptStop indecisive, n_max indecisive"	0.989	9	989	-0.863359695926391	0.129016829390439	0.920091444537627	0.003	0.003	0	0	1000
0.3	10	"OptStop indecisive, n_max indecisive"	0.989	10	989	-0.839557494944136	0.131754411094669	0.965001430864779	0.003	0.003	0	0	1000
0.3	10	"OptStop H0, n_max H0"	0.007	2	7	-0.800535404902195	-0.771583610174576	-0.50418700320936	0.003	0.003	0	0	1000
0.3	10	"OptStop H0, n_max H0"	0.007	3	7	-1.22427275223769	-1.17382075484472	-0.757902208684346	0.003	0.003	0	0	1000
0.3	10	"OptStop H0, n_max H0"	0.007	4	7	-1.65046645954669	-1.61069291514165	-1.29400179241924	0.003	0.003	0	0	1000
0.3	10	"OptStop H0, n_max H0"	0.007	5	7	-2.11345225270826	-2.04848360937311	-1.76861393413538	0.003	0.003	0	0	1000
0.3	10	"OptStop H0, n_max H0"	0.007	6	7	-2.25682959119214	-2.18990135532401	-2.17876543811283	0.003	0.003	0	0	1000
0.3	10	"OptStop H0, n_max H0"	0.007	7	7	-2.72720411532846	-2.67338082271412	-2.65667784407847	0.003	0.003	0	0	1000
0.3	10	"OptStop H0, n_max H0"	0.007	8	7	-3.09557580996284	-3.05142589336192	-2.64999786254643	0.003	0.003	0	0	1000
0.3	10	"OptStop H0, n_max H0"	0.007	9	3	-2.96425623221027	-2.82418778695408	-2.69579139446118	0.003	0.003	0	0	1000
0.3	10	"OptStop H0, n_max H0"	0.007	10	7	-3.44198546971309	-3.33053661012707	-3.19136149890633	0.003	0.003	0	0	1000
0.3	10	"OptStop H1, n_max H1"	0.003	2	3	0.546979851288438	0.601464907341746	0.626901777533622	0.003	0.003	0	0	1000
0.3	10	"OptStop H1, n_max H1"	0.003	3	3	0.909761261680293	0.976360402076184	1.00173450857608	0.003	0.003	0	0	1000
0.3	10	"OptStop H1, n_max H1"	0.003	4	3	1.21655107836289	1.24280740770987	1.32246817548173	0.003	0.003	0	0	1000
0.3	10	"OptStop H1, n_max H1"	0.003	5	3	1.55027190715631	1.6235739971186	1.68458300166303	0.003	0.003	0	0	1000
0.3	10	"OptStop H1, n_max H1"	0.003	6	3	1.84321384486553	1.90974142190139	1.95996425436701	0.003	0.003	0	0	1000
0.3	10	"OptStop H1, n_max H1"	0.003	7	3	2.13153968881701	2.15548752195297	2.17260058875931	0.003	0.003	0	0	1000
0.3	10	"OptStop H1, n_max H1"	0.003	8	3	2.4958055560259	2.50140113442226	2.5278849129644	0.003	0.003	0	0	1000
0.3	10	"OptStop H1, n_max H1"	0.003	9	3	2.81685115498089	2.83687437332191	2.85896740088575	0.003	0.003	0	0	1000
0.3	10	"OptStop H1, n_max H1"	0.003	10	3	3.14583317013069	3.21687964431058	3.23835919104744	0.003	0.003	0	0	1000
0.3	10	"OptStop H0, n_max indecisive"	0.001	2	1	-0.762719747118382	-0.762719747118382	-0.762719747118382	0.003	0.003	0	0	1000
0.3	10	"OptStop H0, n_max indecisive"	0.001	3	1	-1.13248968715303	-1.13248968715303	-1.13248968715303	0.003	0.003	0	0	1000
0.3	10	"OptStop H0, n_max indecisive"	0.001	4	1	-1.58642358297659	-1.58642358297659	-1.58642358297659	0.003	0.003	0	0	1000
0.3	10	"OptStop H0, n_max indecisive"	0.001	5	1	-1.99389589352789	-1.99389589352789	-1.99389589352789	0.003	0.003	0	0	1000
0.3	10	"OptStop H0, n_max indecisive"	0.001	6	1	-1.83244564156374	-1.83244564156374	-1.83244564156374	0.003	0.003	0	0	1000
0.3	10	"OptStop H0, n_max indecisive"	0.001	7	1	-2.3519815436693	-2.3519815436693	-2.3519815436693	0.003	0.003	0	0	1000
0.3	10	"OptStop H0, n_max indecisive"	0.001	8	1	-2.78822708455335	-2.78822708455335	-2.78822708455335	0.003	0.003	0	0	1000
0.3	10	"OptStop H0, n_max indecisive"	0.001	9	1	-3.07113756266812	-3.07113756266812	-3.07113756266812	0.003	0.003	0	0	1000
0.3	10	"OptStop H0, n_max indecisive"	0.001	10	1	-2.57030517626145	-2.57030517626145	-2.57030517626145	0.003	0.003	0	0	1000
0.35	10	"OptStop indecisive, n_max indecisive"	0.987	2	987	-0.390885559789213	0.181421956756512	0.520871928381471	0.002	0.002	0	0	1000
0.35	10	"OptStop indecisive, n_max indecisive"	0.987	3	987	-0.44491004821912	0.145023367928099	0.631389663394121	0.002	0.002	0	0	1000
0.35	10	"OptStop indecisive, n_max indecisive"	0.987	4	987	-0.48416805154564	0.174650653650372	0.687527769659664	0.002	0.002	0	0	1000
0.35	10	"OptStop indecisive, n_max indecisive"	0.987	5	987	-0.507533303041211	0.0828418047695946	0.785492157578242	0.002	0.002	0	0	1000
0.35	10	"OptStop indecisive, n_max indecisive"	0.987	6	987	-0.592705856619352	0.142822866542197	0.848902373723698	0.002	0.002	0	0	1000
0.35	10	"OptStop indecisive, n_max indecisive"	0.987	7	987	-0.651565269163101	0.152065823078086	0.89295386523615	0.002	0.002	0	0	1000
0.35	10	"OptStop indecisive, n_max indecisive"	0.987	8	987	-0.646172146780176	0.210788600260856	0.974202038381696	0.002	0.002	0	0	1000
0.35	10	"OptStop indecisive, n_max indecisive"	0.987	9	987	-0.665356774630424	0.205562833603979	1.04420258801091	0.002	0.002	0	0	1000
0.35	10	"OptStop indecisive, n_max indecisive"	0.987	10	987	-0.740845362034682	0.234424921384218	1.08020469184609	0.002	0.002	0	0	1000
0.35	10	"OptStop H0, n_max H0"	0.007	2	7	-0.850668699186046	-0.653266189952827	-0.579755436221444	0.002	0.002	0	0	1000
0.35	10	"OptStop H0, n_max H0"	0.007	3	7	-1.1045227287196	-1.02816569558476	-0.714386756633405	0.002	0.002	0	0	1000
0.35	10	"OptStop H0, n_max H0"	0.007	4	7	-1.50525989930008	-1.38486267260689	-1.10094604739119	0.002	0.002	0	0	1000
0.35	10	"OptStop H0, n_max H0"	0.007	5	7	-1.89950466438934	-1.66044383198889	-1.31676934325211	0.002	0.002	0	0	1000
0.35	10	"OptStop H0, n_max H0"	0.007	6	7	-2.31458677570259	-2.15626276708002	-1.86254895833972	0.002	0.002	0	0	1000
0.35	10	"OptStop H0, n_max H0"	0.007	7	7	-2.60196574964425	-2.02230015845329	-1.90942384767596	0.002	0.002	0	0	1000
0.35	10	"OptStop H0, n_max H0"	0.007	8	7	-3.01949118816892	-2.4022077648134	-2.23638367055181	0.002	0.002	0	0	1000
0.35	10	"OptStop H0, n_max H0"	0.007	9	4	-2.79509214987317	-2.71289776495712	-2.6376726533476	0.002	0.002	0	0	1000
0.35	10	"OptStop H0, n_max H0"	0.007	10	7	-3.51175435179757	-3.24851669119659	-3.16687021168288	0.002	0.002	0	0	1000
0.35	10	"OptStop H0, n_max indecisive"	0.004	2	4	-0.826342360107742	-0.762354507608748	-0.600237711190795	0.002	0.002	0	0	1000
0.35	10	"OptStop H0, n_max indecisive"	0.004	3	4	-0.873117741333114	-0.823044538253607	-0.81807413903408	0.002	0.002	0	0	1000
0.35	10	"OptStop H0, n_max indecisive"	0.004	4	4	-1.38227015562873	-1.31517014906001	-1.26946829533056	0.002	0.002	0	0	1000
0.35	10	"OptStop H0, n_max indecisive"	0.004	5	4	-1.81508372793432	-1.76534753352324	-1.66580963733298	0.002	0.002	0	0	1000
0.35	10	"OptStop H0, n_max indecisive"	0.004	6	4	-2.1124702008701	-2.06752366649505	-2.04668527797604	0.002	0.002	0	0	1000
0.35	10	"OptStop H0, n_max indecisive"	0.004	7	4	-2.56177667489718	-2.52060656242013	-2.40767426584052	0.002	0.002	0	0	1000
0.35	10	"OptStop H0, n_max indecisive"	0.004	8	4	-2.84373549773238	-2.77943025998271	-2.73773085803323	0.002	0.002	0	0	1000
0.35	10	"OptStop H0, n_max indecisive"	0.004	9	3	-3.21705587490624	-3.15333077378784	-3.10356242638456	0.002	0.002	0	0	1000
0.35	10	"OptStop H0, n_max indecisive"	0.004	10	4	-2.83846060548775	-2.8120858705399	-2.75762711167896	0.002	0.002	0	0	1000
0.35	10	"OptStop H1, n_max H1"	0.002	2	2	0.535871699920643	0.567422741901787	0.59897378388293	0.002	0.002	0	0	1000
0.35	10	"OptStop H1, n_max H1"	0.002	3	2	0.903445419782162	0.931491850952765	0.959538282123369	0.002	0.002	0	0	1000
0.35	10	"OptStop H1, n_max H1"	0.002	4	2	1.24487357733373	1.28543423587516	1.32599489441659	0.002	0.002	0	0	1000
0.35	10	"OptStop H1, n_max H1"	0.002	5	2	1.60528591444364	1.63830538800757	1.67132486157151	0.002	0.002	0	0	1000
0.35	10	"OptStop H1, n_max H1"	0.002	6	2	1.96300868371687	1.98969831575119	2.01638794778551	0.002	0.002	0	0	1000
0.35	10	"OptStop H1, n_max H1"	0.002	7	2	2.27606817069553	2.3016442087116	2.32722024672767	0.002	0.002	0	0	1000
0.35	10	"OptStop H1, n_max H1"	0.002	8	2	2.57327755237181	2.6260731840207	2.67886881566959	0.002	0.002	0	0	1000
0.35	10	"OptStop H1, n_max H1"	0.002	9	2	2.88347316649164	2.88390605896749	2.88433895144334	0.002	0.002	0	0	1000
0.35	10	"OptStop H1, n_max H1"	0.002	10	2	3.16304661820489	3.17243636129056	3.18182610437623	0.002	0.002	0	0	1000
0.4	10	"OptStop indecisive, n_max indecisive"	0.987	2	987	-0.460068734178529	0.185088362552513	0.543095378876204	0.006	0.006	0	0	1000
0.4	10	"OptStop indecisive, n_max indecisive"	0.987	3	987	-0.469196169843694	0.207043076814543	0.640990891305049	0.006	0.006	0	0	1000
0.4	10	"OptStop indecisive, n_max indecisive"	0.987	4	987	-0.517592261981651	0.159153847072115	0.757016430016677	0.006	0.006	0	0	1000
0.4	10	"OptStop indecisive, n_max indecisive"	0.987	5	987	-0.527048175055602	0.186929108726997	0.864465321105691	0.006	0.006	0	0	1000
0.4	10	"OptStop indecisive, n_max indecisive"	0.987	6	987	-0.592432643966959	0.208201710843455	0.897723542942602	0.006	0.006	0	0	1000
0.4	10	"OptStop indecisive, n_max indecisive"	0.987	7	987	-0.623199824577199	0.238401093458555	0.971643326235996	0.006	0.006	0	0	1000
0.4	10	"OptStop indecisive, n_max indecisive"	0.987	8	987	-0.615031210177074	0.291720102752568	1.0813134982548	0.006	0.006	0	0	1000
0.4	10	"OptStop indecisive, n_max indecisive"	0.987	9	987	-0.625568525603243	0.341723283109253	1.1901810128688	0.006	0.006	0	0	1000
0.4	10	"OptStop indecisive, n_max indecisive"	0.987	10	987	-0.663306398031132	0.351112093589698	1.25613158157114	0.006	0.006	0	0	1000
0.4	10	"OptStop H1, n_max H1"	0.006	2	6	0.638551107337079	0.643739396242553	0.650498415819842	0.006	0.006	0	0	1000
0.4	10	"OptStop H1, n_max H1"	0.006	3	6	0.954680250944217	1.01142447178409	1.01304786065893	0.006	0.006	0	0	1000
0.4	10	"OptStop H1, n_max H1"	0.006	4	6	1.27552873926633	1.31089134806741	1.36411421024166	0.006	0.006	0	0	1000
0.4	10	"OptStop H1, n_max H1"	0.006	5	6	1.59032234180481	1.60729355719103	1.66935500976562	0.006	0.006	0	0	1000
0.4	10	"OptStop H1, n_max H1"	0.006	6	6	1.79310217245579	1.84661291259484	1.90687545259653	0.006	0.006	0	0	1000
0.4	10	"OptStop H1, n_max H1"	0.006	7	6	2.05375079940317	2.07781478296962	2.11535625870206	0.006	0.006	0	0	1000
0.4	10	"OptStop H1, n_max H1"	0.006	8	6	2.37940293998709	2.41363466050528	2.42325723115303	0.006	0.006	0	0	1000
0.4	10	"OptStop H1, n_max H1"	0.006	9	6	2.75173181857593	2.7702974387593	2.79336327513875	0.006	0.006	0	0	1000
0.4	10	"OptStop H1, n_max H1"	0.006	10	6	3.04754868044446	3.05641719388951	3.11062831310227	0.006	0.006	0	0	1000
0.4	10	"OptStop H0, n_max H0"	0.007	2	7	-0.779721172285775	-0.701842791662101	-0.473074217124114	0.006	0.006	0	0	1000
0.4	10	"OptStop H0, n_max H0"	0.007	3	7	-0.93706831733726	-0.637565299110304	-0.573177887680305	0.006	0.006	0	0	1000
0.4	10	"OptStop H0, n_max H0"	0.007	4	7	-1.34168603580491	-1.18870507662327	-0.9516979678915	0.006	0.006	0	0	1000
0.4	10	"OptStop H0, n_max H0"	0.007	5	7	-1.59958867691099	-1.43875303246553	-1.15508971873918	0.006	0.006	0	0	1000
0.4	10	"OptStop H0, n_max H0"	0.007	6	7	-2.03165199566989	-1.5127441351123	-1.50749979885645	0.006	0.006	0	0	1000
0.4	10	"OptStop H0, n_max H0"	0.007	7	7	-2.3764132415257	-2.04627023377516	-2.02653009990263	0.006	0.006	0	0	1000
0.4	10	"OptStop H0, n_max H0"	0.007	8	7	-2.84768652089894	-2.58146668036028	-2.48275834418111	0.006	0.006	0	0	1000
0.4	10	"OptStop H0, n_max H0"	0.007	9	6	-3.03250812727318	-3.00030268166819	-2.94783596088769	0.006	0.006	0	0	1000
0.4	10	"OptStop H0, n_max H0"	0.007	10	7	-3.59996410495132	-3.49695475639324	-3.32371103929453	0.006	0.006	0	0	1000
0.45	10	"OptStop indecisive, n_max indecisive"	0.991	2	991	-0.34231194417428	0.227675356358783	0.567989872646201	0.006	0.006	0	0	1000
0.45	10	"OptStop indecisive, n_max indecisive"	0.991	3	991	-0.418436284084737	0.248872933188366	0.693774551584212	0.006	0.006	0	0	1000
0.45	10	"OptStop indecisive, n_max indecisive"	0.991	4	991	-0.376780412346497	0.262035074907404	0.78313109074886	0.006	0.006	0	0	1000
0.45	10	"OptStop indecisive, n_max indecisive"	0.991	5	991	-0.445072458346775	0.2710448542325	0.879797263124197	0.006	0.006	0	0	1000
0.45	10	"OptStop indecisive, n_max indecisive"	0.991	6	991	-0.461115835568698	0.33168539856192	0.957782274785065	0.006	0.006	0	0	1000
0.45	10	"OptStop indecisive, n_max indecisive"	0.991	7	991	-0.407881264783044	0.425112087395929	1.07959274985024	0.006	0.006	0	0	1000
0.45	10	"OptStop indecisive, n_max indecisive"	0.991	8	991	-0.443539071769046	0.477106902404747	1.18145611322908	0.006	0.006	0	0	1000
0.45	10	"OptStop indecisive, n_max indecisive"	0.991	9	991	-0.488694044277902	0.49494817708526	1.29984826362328	0.006	0.006	0	0	1000
0.45	10	"OptStop indecisive, n_max indecisive"	0.991	10	991	-0.444930460157794	0.531984955614824	1.38056454869223	0.006	0.006	0	0	1000
0.45	10	"OptStop H1, n_max H1"	0.006	2	6	0.627882166960265	0.643538444160963	0.652887867247227	0.006	0.006	0	0	1000
0.45	10	"OptStop H1, n_max H1"	0.006	3	6	0.961406936373679	1.00003729612725	1.00986069441065	0.006	0.006	0	0	1000
0.45	10	"OptStop H1, n_max H1"	0.006	4	6	1.15368066924817	1.31195058672291	1.36995653848806	0.006	0.006	0	0	1000
0.45	10	"OptStop H1, n_max H1"	0.006	5	6	1.51352733455444	1.63377347181137	1.69190817293542	0.006	0.006	0	0	1000
0.45	10	"OptStop H1, n_max H1"	0.006	6	6	1.79105921569299	1.89608688180446	1.98084573949403	0.006	0.006	0	0	1000
0.45	10	"OptStop H1, n_max H1"	0.006	7	6	2.09501742712635	2.18814598106329	2.29935284497529	0.006	0.006	0	0	1000
0.45	10	"OptStop H1, n_max H1"	0.006	8	6	2.35337240047802	2.44283860655802	2.50212281390485	0.006	0.006	0	0	1000
0.45	10	"OptStop H1, n_max H1"	0.006	9	6	2.65696638982102	2.68960437457241	2.72625188738071	0.006	0.006	0	0	1000
0.45	10	"OptStop H1, n_max H1"	0.006	10	6	3.03934472938075	3.06384277638437	3.07907338315397	0.006	0.006	0	0	1000
0.45	10	"OptStop H0, n_max H0"	0.001	2	1	-0.72782407428846	-0.72782407428846	-0.72782407428846	0.006	0.006	0	0	1000
0.45	10	"OptStop H0, n_max H0"	0.001	3	1	-0.921473848317932	-0.921473848317932	-0.921473848317932	0.006	0.006	0	0	1000
0.45	10	"OptStop H0, n_max H0"	0.001	4	1	-1.41524540617865	-1.41524540617865	-1.41524540617865	0.006	0.006	0	0	1000
0.45	10	"OptStop H0, n_max H0"	0.001	5	1	-1.83708163201491	-1.83708163201491	-1.83708163201491	0.006	0.006	0	0	1000
0.45	10	"OptStop H0, n_max H0"	0.001	6	1	-2.13473139811685	-2.13473139811685	-2.13473139811685	0.006	0.006	0	0	1000
0.45	10	"OptStop H0, n_max H0"	0.001	7	1	-2.53652241846612	-2.53652241846612	-2.53652241846612	0.006	0.006	0	0	1000
0.45	10	"OptStop H0, n_max H0"	0.001	8	1	-3.00553194751627	-3.00553194751627	-3.00553194751627	0.006	0.006	0	0	1000
0.45	10	"OptStop H0, n_max H0"	0.001	10	1	-3.43806016277466	-3.43806016277466	-3.43806016277466	0.006	0.006	0	0	1000
0.45	10	"OptStop H0, n_max indecisive"	0.002	2	2	-0.810051678169406	-0.780356362696514	-0.750661047223623	0.006	0.006	0	0	1000
0.45	10	"OptStop H0, n_max indecisive"	0.002	3	2	-1.10520267091337	-1.08942358913014	-1.0736445073469	0.006	0.006	0	0	1000
0.45	10	"OptStop H0, n_max indecisive"	0.002	4	2	-1.44452771695219	-1.4434775323928	-1.44242734783341	0.006	0.006	0	0	1000
0.45	10	"OptStop H0, n_max indecisive"	0.002	5	2	-1.86944813513125	-1.85698801871767	-1.84452790230409	0.006	0.006	0	0	1000
0.45	10	"OptStop H0, n_max indecisive"	0.002	6	2	-2.33252236585296	-2.3188574109418	-2.30519245603064	0.006	0.006	0	0	1000
0.45	10	"OptStop H0, n_max indecisive"	0.002	7	2	-2.59219611873954	-2.57133505990878	-2.55047400107802	0.006	0.006	0	0	1000
0.45	10	"OptStop H0, n_max indecisive"	0.002	8	2	-2.94351241253335	-2.81308925554554	-2.68266609855773	0.006	0.006	0	0	1000
0.45	10	"OptStop H0, n_max indecisive"	0.002	9	1	-3.05720907728393	-3.05720907728393	-3.05720907728393	0.006	0.006	0	0	1000
0.45	10	"OptStop H0, n_max indecisive"	0.002	10	2	-2.65845686272065	-2.5293395043227	-2.40022214592475	0.006	0.006	0	0	1000
0.5	10	"OptStop indecisive, n_max indecisive"	0.988	2	988	-0.281532433725904	0.256760086885738	0.556865033366778	0.007	0.007	0	0	1000
0.5	10	"OptStop indecisive, n_max indecisive"	0.988	3	988	-0.220689436575969	0.305323696901596	0.715145794106187	0.007	0.007	0	0	1000
0.5	10	"OptStop indecisive, n_max indecisive"	0.988	4	988	-0.253213701237906	0.366212519262069	0.798321685779085	0.007	0.007	0	0	1000
0.5	10	"OptStop indecisive, n_max indecisive"	0.988	5	988	-0.257866764363611	0.430404855429819	0.909212616963723	0.007	0.007	0	0	1000
0.5	10	"OptStop indecisive, n_max indecisive"	0.988	6	988	-0.2088671060703	0.438053533822562	1.03076514169354	0.007	0.007	0	0	1000
0.5	10	"OptStop indecisive, n_max indecisive"	0.988	7	988	-0.237629618757028	0.463723367742915	1.10985766946358	0.007	0.007	0	0	1000
0.5	10	"OptStop indecisive, n_max indecisive"	0.988	8	988	-0.278851990413747	0.498487509022489	1.23661136192289	0.007	0.007	0	0	1000
0.5	10	"OptStop indecisive, n_max indecisive"	0.988	9	988	-0.222105925441284	0.608693052387742	1.31298971991857	0.007	0.007	0	0	1000
0.5	10	"OptStop indecisive, n_max indecisive"	0.988	10	988	-0.187871060715016	0.647042356425791	1.43645011761688	0.007	0.007	0	0	1000
0.5	10	"OptStop H0, n_max H0"	0.004	2	4	-0.804755311682575	-0.713522198963273	-0.594211076544438	0.007	0.007	0	0	1000
0.5	10	"OptStop H0, n_max H0"	0.004	3	4	-1.20156151806752	-1.14003214590178	-1.01549315818132	0.007	0.007	0	0	1000
0.5	10	"OptStop H0, n_max H0"	0.004	4	4	-1.35239010492568	-1.23562862166755	-1.17199414493569	0.007	0.007	0	0	1000
0.5	10	"OptStop H0, n_max H0"	0.004	5	4	-1.71494086701183	-1.45662226896355	-1.26390388972594	0.007	0.007	0	0	1000
0.5	10	"OptStop H0, n_max H0"	0.004	6	4	-1.99701444215846	-1.78422192279367	-1.71219350779872	0.007	0.007	0	0	1000
0.5	10	"OptStop H0, n_max H0"	0.004	7	4	-2.38716042860681	-2.05819287421829	-1.8603758967519	0.007	0.007	0	0	1000
0.5	10	"OptStop H0, n_max H0"	0.004	8	4	-2.64756470863686	-2.3517183370227	-2.22985850396947	0.007	0.007	0	0	1000
0.5	10	"OptStop H0, n_max H0"	0.004	9	3	-2.86560923660025	-2.77038090209651	-2.74744099625304	0.007	0.007	0	0	1000
0.5	10	"OptStop H0, n_max H0"	0.004	10	4	-3.35534994839472	-3.11822358993901	-3.11080264344041	0.007	0.007	0	0	1000
0.5	10	"OptStop H1, n_max H1"	0.007	2	7	0.578136940672704	0.636702067205993	0.646319465084206	0.007	0.007	0	0	1000
0.5	10	"OptStop H1, n_max H1"	0.007	3	7	0.893582412777267	0.930673201663609	0.980084151243363	0.007	0.007	0	0	1000
0.5	10	"OptStop H1, n_max H1"	0.007	4	7	1.15643994785668	1.24192067285271	1.26348116677962	0.007	0.007	0	0	1000
0.5	10	"OptStop H1, n_max H1"	0.007	5	7	1.49251998093777	1.50460922158274	1.50681706494335	0.007	0.007	0	0	1000
0.5	10	"OptStop H1, n_max H1"	0.007	6	7	1.76228651237853	1.8324589244598	1.8617804733727	0.007	0.007	0	0	1000
0.5	10	"OptStop H1, n_max H1"	0.007	7	7	2.08816726168935	2.20854618586315	2.21851270100439	0.007	0.007	0	0	1000
0.5	10	"OptStop H1, n_max H1"	0.007	8	7	2.38623616085443	2.4900460452158	2.50888322821098	0.007	0.007	0	0	1000
0.5	10	"OptStop H1, n_max H1"	0.007	9	7	2.76049240030028	2.81748151257919	2.87177385621824	0.007	0.007	0	0	1000
0.5	10	"OptStop H1, n_max H1"	0.007	10	7	3.04285309091135	3.11352824139703	3.15812000698487	0.007	0.007	0	0	1000
0.5	10	"OptStop H0, n_max indecisive"	0.001	2	1	-0.780380352370966	-0.780380352370966	-0.780380352370966	0.007	0.007	0	0	1000
0.5	10	"OptStop H0, n_max indecisive"	0.001	3	1	-1.09014230258339	-1.09014230258339	-1.09014230258339	0.007	0.007	0	0	1000
0.5	10	"OptStop H0, n_max indecisive"	0.001	4	1	-1.48277724201436	-1.48277724201436	-1.48277724201436	0.007	0.007	0	0	1000
0.5	10	"OptStop H0, n_max indecisive"	0.001	5	1	-1.96074520801154	-1.96074520801154	-1.96074520801154	0.007	0.007	0	0	1000
0.5	10	"OptStop H0, n_max indecisive"	0.001	6	1	-2.33781551375766	-2.33781551375766	-2.33781551375766	0.007	0.007	0	0	1000
0.5	10	"OptStop H0, n_max indecisive"	0.001	7	1	-2.57851885166165	-2.57851885166165	-2.57851885166165	0.007	0.007	0	0	1000
0.5	10	"OptStop H0, n_max indecisive"	0.001	8	1	-3.0581432862543	-3.0581432862543	-3.0581432862543	0.007	0.007	0	0	1000
0.5	10	"OptStop H0, n_max indecisive"	0.001	10	1	-1.95194916183262	-1.95194916183262	-1.95194916183262	0.007	0.007	0	0	1000
0.55	10	"OptStop indecisive, n_max indecisive"	0.997	2	997	-0.337094119695891	0.260584311292888	0.567421118875119	0	0	0	0	1000
0.55	10	"OptStop indecisive, n_max indecisive"	0.997	3	997	-0.233528533292612	0.284702646081566	0.699027728465362	0	0	0	0	1000
0.55	10	"OptStop indecisive, n_max indecisive"	0.997	4	997	-0.227180715804056	0.35451672430649	0.831989931487204	0	0	0	0	1000
0.55	10	"OptStop indecisive, n_max indecisive"	0.997	5	997	-0.210573012157396	0.432383433864958	0.941046938156514	0	0	0	0	1000
0.55	10	"OptStop indecisive, n_max indecisive"	0.997	6	997	-0.189985262721636	0.50053448797635	1.08255483508843	0	0	0	0	1000
0.55	10	"OptStop indecisive, n_max indecisive"	0.997	7	997	-0.148427940456041	0.599464945409383	1.18641664948892	0	0	0	0	1000
0.55	10	"OptStop indecisive, n_max indecisive"	0.997	8	997	-0.126881046164518	0.636156814584494	1.28612501877609	0	0	0	0	1000
0.55	10	"OptStop indecisive, n_max indecisive"	0.997	9	997	-0.0824677769583784	0.708169165603382	1.41051133590244	0	0	0	0	1000
0.55	10	"OptStop indecisive, n_max indecisive"	0.997	10	997	-0.0627922809640115	0.700111310141482	1.56512344636178	0	0	0	0	1000
0.55	10	"OptStop H0, n_max H0"	0.003	2	3	-0.754163788105568	-0.710177829622617	-0.477878273681364	0	0	0	0	1000
0.55	10	"OptStop H0, n_max H0"	0.003	3	3	-1.21158803014485	-1.15726950866731	-1.03424982264606	0	0	0	0	1000
0.55	10	"OptStop H0, n_max H0"	0.003	4	3	-1.4876963570461	-1.40532700792799	-1.3841828908883	0	0	0	0	1000
0.55	10	"OptStop H0, n_max H0"	0.003	5	3	-1.8840410470999	-1.74920917774144	-1.70011618908613	0	0	0	0	1000
0.55	10	"OptStop H0, n_max H0"	0.003	6	3	-2.32957709833653	-2.21458712338547	-2.11560340664037	0	0	0	0	1000
0.55	10	"OptStop H0, n_max H0"	0.003	7	3	-2.77118765242151	-2.63676976151714	-2.57403053086533	0	0	0	0	1000
0.55	10	"OptStop H0, n_max H0"	0.003	8	3	-3.13086284547486	-2.96166281237659	-2.95784171353628	0	0	0	0	1000
0.55	10	"OptStop H0, n_max H0"	0.003	9	2	-3.27651647728514	-3.23391155976051	-3.19130664223587	0	0	0	0	1000
0.55	10	"OptStop H0, n_max H0"	0.003	10	3	-3.59936618539878	-3.45930524758486	-3.41360106144216	0	0	0	0	1000
0.6	10	"OptStop indecisive, n_max indecisive"	0.984	2	984	-0.257439270505092	0.335069391569246	0.57417070010902	0.013	0.012	0.001	0	1000
0.6	10	"OptStop indecisive, n_max indecisive"	0.984	3	984	-0.202969043503683	0.349194384653936	0.754161157744298	0.013	0.012	0.001	0	1000
0.6	10	"OptStop indecisive, n_max indecisive"	0.984	4	984	-0.206712396546009	0.428285641979809	0.922919271335203	0.013	0.012	0.001	0	1000
0.6	10	"OptStop indecisive, n_max indecisive"	0.984	5	984	-0.208653879630833	0.542150685477564	1.03981685340287	0.013	0.012	0.001	0	1000
0.6	10	"OptStop indecisive, n_max indecisive"	0.984	6	984	-0.103696972428835	0.608992146237652	1.19997083688041	0.013	0.012	0.001	0	1000
0.6	10	"OptStop indecisive, n_max indecisive"	0.984	7	984	-0.014124590165021	0.660322910472614	1.32510363050148	0.013	0.012	0.001	0	1000
0.6	10	"OptStop indecisive, n_max indecisive"	0.984	8	984	0.0206256329461371	0.746863673815051	1.40133659739742	0.013	0.012	0.001	0	1000
0.6	10	"OptStop indecisive, n_max indecisive"	0.984	9	984	0.0734972854820543	0.791900226736941	1.51120421917715	0.013	0.012	0.001	0	1000
0.6	10	"OptStop indecisive, n_max indecisive"	0.984	10	984	0.0862561751264741	0.902038971575873	1.65370923313065	0.013	0.012	0.001	0	1000
0.6	10	"OptStop H0, n_max H0"	0.002	2	2	-0.735192451206167	-0.68727473951834	-0.639357027830513	0.013	0.012	0.001	0	1000
0.6	10	"OptStop H0, n_max H0"	0.002	3	2	-1.08268428432318	-1.03857698252642	-0.994469680729657	0.013	0.012	0.001	0	1000
0.6	10	"OptStop H0, n_max H0"	0.002	4	2	-1.51401249256583	-1.45706292605719	-1.40011335954854	0.013	0.012	0.001	0	1000
0.6	10	"OptStop H0, n_max H0"	0.002	5	2	-1.81237383246291	-1.7903911714533	-1.76840851044368	0.013	0.012	0.001	0	1000
0.6	10	"OptStop H0, n_max H0"	0.002	6	2	-2.24296727230024	-2.18930735712341	-2.13564744194657	0.013	0.012	0.001	0	1000
0.6	10	"OptStop H0, n_max H0"	0.002	7	2	-2.6199225520679	-2.591572616688	-2.56322268130809	0.013	0.012	0.001	0	1000
0.6	10	"OptStop H0, n_max H0"	0.002	8	2	-2.90272500720366	-2.82889454990902	-2.75506409261437	0.013	0.012	0.001	0	1000
0.6	10	"OptStop H0, n_max H0"	0.002	9	2	-3.0874472920501	-3.01429308243433	-2.94113887281855	0.013	0.012	0.001	0	1000
0.6	10	"OptStop H0, n_max H0"	0.002	10	2	-3.43078948704735	-3.33644488689904	-3.24210028675072	0.013	0.012	0.001	0	1000
0.6	10	"OptStop H1, n_max H1"	0.012	2	12	0.523919110763427	0.646733130773437	0.653935241555549	0.013	0.012	0.001	0	1000
0.6	10	"OptStop H1, n_max H1"	0.012	3	12	0.849897161332814	0.900418031277406	0.969603244433971	0.013	0.012	0.001	0	1000
0.6	10	"OptStop H1, n_max H1"	0.012	4	12	1.1995016355732	1.2314745874539	1.29823504776728	0.013	0.012	0.001	0	1000
0.6	10	"OptStop H1, n_max H1"	0.012	5	12	1.47433921162389	1.54621604273007	1.59001736503976	0.013	0.012	0.001	0	1000
0.6	10	"OptStop H1, n_max H1"	0.012	6	12	1.77560048863516	1.83138896319491	1.87537269037069	0.013	0.012	0.001	0	1000
0.6	10	"OptStop H1, n_max H1"	0.012	7	12	2.04923079633067	2.12732225796592	2.22809984154203	0.013	0.012	0.001	0	1000
0.6	10	"OptStop H1, n_max H1"	0.012	8	12	2.33112325524757	2.48223387662708	2.60844293933384	0.013	0.012	0.001	0	1000
0.6	10	"OptStop H1, n_max H1"	0.012	9	12	2.65047541746498	2.6677855297604	2.85487818864565	0.013	0.012	0.001	0	1000
0.6	10	"OptStop H1, n_max H1"	0.012	10	12	3.02365715013959	3.03845569633382	3.17365503458596	0.013	0.012	0.001	0	1000
0.6	10	"OptStop H0, n_max indecisive"	0.001	2	1	-0.855498572427753	-0.855498572427753	-0.855498572427753	0.013	0.012	0.001	0	1000
0.6	10	"OptStop H0, n_max indecisive"	0.001	3	1	-1.25056340530676	-1.25056340530676	-1.25056340530676	0.013	0.012	0.001	0	1000
0.6	10	"OptStop H0, n_max indecisive"	0.001	4	1	-1.57722327065268	-1.57722327065268	-1.57722327065268	0.013	0.012	0.001	0	1000
0.6	10	"OptStop H0, n_max indecisive"	0.001	5	1	-1.8745773546531	-1.8745773546531	-1.8745773546531	0.013	0.012	0.001	0	1000
0.6	10	"OptStop H0, n_max indecisive"	0.001	6	1	-2.35406128838039	-2.35406128838039	-2.35406128838039	0.013	0.012	0.001	0	1000
0.6	10	"OptStop H0, n_max indecisive"	0.001	7	1	-2.76157930360533	-2.76157930360533	-2.76157930360533	0.013	0.012	0.001	0	1000
0.6	10	"OptStop H0, n_max indecisive"	0.001	8	1	-3.08399302419941	-3.08399302419941	-3.08399302419941	0.013	0.012	0.001	0	1000
0.6	10	"OptStop H0, n_max indecisive"	0.001	10	1	-1.83478183322503	-1.83478183322503	-1.83478183322503	0.013	0.012	0.001	0	1000
0.6	10	"OptStop H1, n_max indecisive"	0.001	2	1	0.655774443151224	0.655774443151224	0.655774443151224	0.013	0.012	0.001	0	1000
0.6	10	"OptStop H1, n_max indecisive"	0.001	3	1	1.00638721356322	1.00638721356322	1.00638721356322	0.013	0.012	0.001	0	1000
0.6	10	"OptStop H1, n_max indecisive"	0.001	4	1	1.31445833338071	1.31445833338071	1.31445833338071	0.013	0.012	0.001	0	1000
0.6	10	"OptStop H1, n_max indecisive"	0.001	5	1	1.69455671770975	1.69455671770975	1.69455671770975	0.013	0.012	0.001	0	1000
0.6	10	"OptStop H1, n_max indecisive"	0.001	6	1	2.00149201038872	2.00149201038872	2.00149201038872	0.013	0.012	0.001	0	1000
0.6	10	"OptStop H1, n_max indecisive"	0.001	7	1	2.37976318842688	2.37976318842688	2.37976318842688	0.013	0.012	0.001	0	1000
0.6	10	"OptStop H1, n_max indecisive"	0.001	8	1	2.76148084027594	2.76148084027594	2.76148084027594	0.013	0.012	0.001	0	1000
0.6	10	"OptStop H1, n_max indecisive"	0.001	9	1	3.0704590018379	3.0704590018379	3.0704590018379	0.013	0.012	0.001	0	1000
0.6	10	"OptStop H1, n_max indecisive"	0.001	10	1	2.72502534230147	2.72502534230147	2.72502534230147	0.013	0.012	0.001	0	1000
0.65	10	"OptStop indecisive, n_max indecisive"	0.986	2	986	-0.203142794302792	0.360953815186069	0.58259026071491	0.013	0.013	0	0	1000
0.65	10	"OptStop indecisive, n_max indecisive"	0.986	3	986	-0.142975334374656	0.40540889205133	0.763765544807647	0.013	0.013	0	0	1000
0.65	10	"OptStop indecisive, n_max indecisive"	0.986	4	986	-0.0938014108094078	0.524091533027489	0.919646834041889	0.013	0.013	0	0	1000
0.65	10	"OptStop indecisive, n_max indecisive"	0.986	5	986	-0.0926563296032271	0.555424714945573	1.08708821220845	0.013	0.013	0	0	1000
0.65	10	"OptStop indecisive, n_max indecisive"	0.986	6	986	-0.0447997858333595	0.656651190418922	1.22802852829219	0.013	0.013	0	0	1000
0.65	10	"OptStop indecisive, n_max indecisive"	0.986	7	986	0.0197442585023927	0.739722604225218	1.36642820967272	0.013	0.013	0	0	1000
0.65	10	"OptStop indecisive, n_max indecisive"	0.986	8	986	0.0770754391830445	0.847511619576843	1.56402627220704	0.013	0.013	0	0	1000
0.65	10	"OptStop indecisive, n_max indecisive"	0.986	9	986	0.167616916847704	0.967138937525912	1.63681733108347	0.013	0.013	0	0	1000
0.65	10	"OptStop indecisive, n_max indecisive"	0.986	10	986	0.197862971494062	1.05474376493759	1.77356028802226	0.013	0.013	0	0	1000
0.65	10	"OptStop H1, n_max H1"	0.013	2	13	0.523024700967262	0.598553428218884	0.647851390947461	0.013	0.013	0	0	1000
0.65	10	"OptStop H1, n_max H1"	0.013	3	13	0.839839286508319	0.874848059783407	0.988363168970784	0.013	0.013	0	0	1000
0.65	10	"OptStop H1, n_max H1"	0.013	4	13	1.21096727348287	1.25456067626889	1.32949120929467	0.013	0.013	0	0	1000
0.65	10	"OptStop H1, n_max H1"	0.013	5	13	1.47105022458073	1.56754920004744	1.63558682698129	0.013	0.013	0	0	1000
0.65	10	"OptStop H1, n_max H1"	0.013	6	13	1.83130784400361	1.93339835421779	1.97832270282411	0.013	0.013	0	0	1000
0.65	10	"OptStop H1, n_max H1"	0.013	7	13	2.1518362035922	2.22899617238769	2.2990918480759	0.013	0.013	0	0	1000
0.65	10	"OptStop H1, n_max H1"	0.013	8	13	2.43100040574405	2.48778563611649	2.54794697207225	0.013	0.013	0	0	1000
0.65	10	"OptStop H1, n_max H1"	0.013	9	13	2.65638426266756	2.7765278750388	2.84445379499499	0.013	0.013	0	0	1000
0.65	10	"OptStop H1, n_max H1"	0.013	10	13	3.01273622198195	3.03023365443788	3.13587123868936	0.013	0.013	0	0	1000
0.65	10	"OptStop H0, n_max H0"	0.001	2	1	-0.806088057754843	-0.806088057754843	-0.806088057754843	0.013	0.013	0	0	1000
0.65	10	"OptStop H0, n_max H0"	0.001	3	1	-0.992134343684029	-0.992134343684029	-0.992134343684029	0.013	0.013	0	0	1000
0.65	10	"OptStop H0, n_max H0"	0.001	4	1	-1.4743618785042	-1.4743618785042	-1.4743618785042	0.013	0.013	0	0	1000
0.65	10	"OptStop H0, n_max H0"	0.001	5	1	-1.87645305942137	-1.87645305942137	-1.87645305942137	0.013	0.013	0	0	1000
0.65	10	"OptStop H0, n_max H0"	0.001	6	1	-1.94751008994817	-1.94751008994817	-1.94751008994817	0.013	0.013	0	0	1000
0.65	10	"OptStop H0, n_max H0"	0.001	7	1	-2.40207493914023	-2.40207493914023	-2.40207493914023	0.013	0.013	0	0	1000
0.65	10	"OptStop H0, n_max H0"	0.001	8	1	-2.83449044456059	-2.83449044456059	-2.83449044456059	0.013	0.013	0	0	1000
0.65	10	"OptStop H0, n_max H0"	0.001	9	1	-2.92232333911194	-2.92232333911194	-2.92232333911194	0.013	0.013	0	0	1000
0.65	10	"OptStop H0, n_max H0"	0.001	10	1	-3.33239253393433	-3.33239253393433	-3.33239253393433	0.013	0.013	0	0	1000
0.7	10	"OptStop indecisive, n_max indecisive"	0.983	2	983	-0.195465129394838	0.311834786008579	0.572799554544065	0.015	0.012	0.003	0	1000
0.7	10	"OptStop indecisive, n_max indecisive"	0.983	3	983	-0.178841575397258	0.367864427351589	0.75477703114427	0.015	0.012	0.003	0	1000
0.7	10	"OptStop indecisive, n_max indecisive"	0.983	4	983	-0.11542757335172	0.505018293924567	0.932689892557893	0.015	0.012	0.003	0	1000
0.7	10	"OptStop indecisive, n_max indecisive"	0.983	5	983	-0.0458220852979143	0.594637163757383	1.08071064028773	0.015	0.012	0.003	0	1000
0.7	10	"OptStop indecisive, n_max indecisive"	0.983	6	983	0.0447667390491006	0.718102715420448	1.21207741062421	0.015	0.012	0.003	0	1000
0.7	10	"OptStop indecisive, n_max indecisive"	0.983	7	983	0.0676577924982817	0.771890609838733	1.37763827670725	0.015	0.012	0.003	0	1000
0.7	10	"OptStop indecisive, n_max indecisive"	0.983	8	983	0.151292018531465	0.922759311217583	1.50983121134264	0.015	0.012	0.003	0	1000
0.7	10	"OptStop indecisive, n_max indecisive"	0.983	9	983	0.245478562626897	0.962973484626872	1.61856998913968	0.015	0.012	0.003	0	1000
0.7	10	"OptStop indecisive, n_max indecisive"	0.983	10	983	0.31274736246793	1.09222214055822	1.79938803949293	0.015	0.012	0.003	0	1000
0.7	10	"OptStop H1, n_max H1"	0.012	2	12	0.564239614511851	0.63307375504225	0.655504528199809	0.015	0.012	0.003	0	1000
0.7	10	"OptStop H1, n_max H1"	0.012	3	12	0.828354499876911	0.851175841182562	0.994108545950574	0.015	0.012	0.003	0	1000
0.7	10	"OptStop H1, n_max H1"	0.012	4	12	1.10123921509239	1.21184309516004	1.33924156845779	0.015	0.012	0.003	0	1000
0.7	10	"OptStop H1, n_max H1"	0.012	5	12	1.38619174814037	1.52293175536224	1.66378762593412	0.015	0.012	0.003	0	1000
0.7	10	"OptStop H1, n_max H1"	0.012	6	12	1.68302637655243	1.86892903798625	2.03228174248051	0.015	0.012	0.003	0	1000
0.7	10	"OptStop H1, n_max H1"	0.012	7	12	1.98117850222849	2.18458374064459	2.35318729995721	0.015	0.012	0.003	0	1000
0.7	10	"OptStop H1, n_max H1"	0.012	8	12	2.3449882924595	2.4397761979867	2.71536603765903	0.015	0.012	0.003	0	1000
0.7	10	"OptStop H1, n_max H1"	0.012	9	12	2.68612205014044	2.76531630833408	2.90529389447005	0.015	0.012	0.003	0	1000
0.7	10	"OptStop H1, n_max H1"	0.012	10	12	3.04351226084865	3.08437045814197	3.17210692244914	0.015	0.012	0.003	0	1000
0.7	10	"OptStop H1, n_max indecisive"	0.003	2	3	0.570371602898791	0.584875556231768	0.603794455969395	0.015	0.012	0.003	0	1000
0.7	10	"OptStop H1, n_max indecisive"	0.003	3	3	0.910775665835783	0.913829061981515	0.948510961814606	0.015	0.012	0.003	0	1000
0.7	10	"OptStop H1, n_max indecisive"	0.003	4	3	1.25916351528447	1.2847503993269	1.31102286243222	0.015	0.012	0.003	0	1000
0.7	10	"OptStop H1, n_max indecisive"	0.003	5	3	1.63845087561243	1.66372397472501	1.68414049961379	0.015	0.012	0.003	0	1000
0.7	10	"OptStop H1, n_max indecisive"	0.003	6	3	1.97385666349095	1.99348036188426	2.00344435975604	0.015	0.012	0.003	0	1000
0.7	10	"OptStop H1, n_max indecisive"	0.003	7	3	2.33383380581585	2.33583120288667	2.34654611255574	0.015	0.012	0.003	0	1000
0.7	10	"OptStop H1, n_max indecisive"	0.003	8	3	2.68423187322171	2.7137554289237	2.7263521764748	0.015	0.012	0.003	0	1000
0.7	10	"OptStop H1, n_max indecisive"	0.003	9	3	3.05500861382904	3.07829173834003	3.08273995104716	0.015	0.012	0.003	0	1000
0.7	10	"OptStop H1, n_max indecisive"	0.003	10	3	2.76195125760655	2.82081437457346	2.86399199020718	0.015	0.012	0.003	0	1000
0.7	10	"OptStop H0, n_max H0"	0.001	2	1	-0.718327296655745	-0.718327296655745	-0.718327296655745	0.015	0.012	0.003	0	1000
0.7	10	"OptStop H0, n_max H0"	0.001	3	1	-0.686133835017643	-0.686133835017643	-0.686133835017643	0.015	0.012	0.003	0	1000
0.7	10	"OptStop H0, n_max H0"	0.001	4	1	-1.07896178705393	-1.07896178705393	-1.07896178705393	0.015	0.012	0.003	0	1000
0.7	10	"OptStop H0, n_max H0"	0.001	5	1	-1.57526862613078	-1.57526862613078	-1.57526862613078	0.015	0.012	0.003	0	1000
0.7	10	"OptStop H0, n_max H0"	0.001	6	1	-1.74601013004618	-1.74601013004618	-1.74601013004618	0.015	0.012	0.003	0	1000
0.7	10	"OptStop H0, n_max H0"	0.001	7	1	-2.27702616877047	-2.27702616877047	-2.27702616877047	0.015	0.012	0.003	0	1000
0.7	10	"OptStop H0, n_max H0"	0.001	8	1	-2.44203383448969	-2.44203383448969	-2.44203383448969	0.015	0.012	0.003	0	1000
0.7	10	"OptStop H0, n_max H0"	0.001	9	1	-2.88018100398416	-2.88018100398416	-2.88018100398416	0.015	0.012	0.003	0	1000
0.7	10	"OptStop H0, n_max H0"	0.001	10	1	-3.20972569890345	-3.20972569890345	-3.20972569890345	0.015	0.012	0.003	0	1000
0.7	10	"OptStop H0, n_max indecisive"	0.001	2	1	-0.831375179592157	-0.831375179592157	-0.831375179592157	0.015	0.012	0.003	0	1000
0.7	10	"OptStop H0, n_max indecisive"	0.001	3	1	-1.29861074704877	-1.29861074704877	-1.29861074704877	0.015	0.012	0.003	0	1000
0.7	10	"OptStop H0, n_max indecisive"	0.001	4	1	-1.76128599597484	-1.76128599597484	-1.76128599597484	0.015	0.012	0.003	0	1000
0.7	10	"OptStop H0, n_max indecisive"	0.001	5	1	-2.07741175030805	-2.07741175030805	-2.07741175030805	0.015	0.012	0.003	0	1000
0.7	10	"OptStop H0, n_max indecisive"	0.001	6	1	-2.55002155502052	-2.55002155502052	-2.55002155502052	0.015	0.012	0.003	0	1000
0.7	10	"OptStop H0, n_max indecisive"	0.001	7	1	-2.95953250613651	-2.95953250613651	-2.95953250613651	0.015	0.012	0.003	0	1000
0.7	10	"OptStop H0, n_max indecisive"	0.001	8	1	-3.35296244011812	-3.35296244011812	-3.35296244011812	0.015	0.012	0.003	0	1000
0.7	10	"OptStop H0, n_max indecisive"	0.001	10	1	-2.41975949882826	-2.41975949882826	-2.41975949882826	0.015	0.012	0.003	0	1000
0.75	10	"OptStop indecisive, n_max indecisive"	0.982	2	982	-0.146535406083539	0.368921304312564	0.59421086778373	0.017	0.017	0	0	1000
0.75	10	"OptStop indecisive, n_max indecisive"	0.982	3	982	-0.0461385203209424	0.47243209503254	0.786335979010989	0.017	0.017	0	0	1000
0.75	10	"OptStop indecisive, n_max indecisive"	0.982	4	982	-0.037131008837666	0.564439224731605	0.970334627554321	0.017	0.017	0	0	1000
0.75	10	"OptStop indecisive, n_max indecisive"	0.982	5	982	0.0395569897134899	0.635943926166729	1.16931439690633	0.017	0.017	0	0	1000
0.75	10	"OptStop indecisive, n_max indecisive"	0.982	6	982	0.145998867651931	0.778795893708193	1.31143862125723	0.017	0.017	0	0	1000
0.75	10	"OptStop indecisive, n_max indecisive"	0.982	7	982	0.208659558351394	0.905422236515458	1.46139456457258	0.017	0.017	0	0	1000
0.75	10	"OptStop indecisive, n_max indecisive"	0.982	8	982	0.275880574985442	1.04599801130437	1.63305370504665	0.017	0.017	0	0	1000
0.75	10	"OptStop indecisive, n_max indecisive"	0.982	9	982	0.332119087192255	1.16003931729551	1.77688739245119	0.017	0.017	0	0	1000
0.75	10	"OptStop indecisive, n_max indecisive"	0.982	10	982	0.409888881686295	1.29167317573126	1.94161977563983	0.017	0.017	0	0	1000
0.75	10	"OptStop H1, n_max H1"	0.017	2	17	0.588678355514534	0.624743832170747	0.650957457673946	0.017	0.017	0	0	1000
0.75	10	"OptStop H1, n_max H1"	0.017	3	17	0.932515469295573	0.949180689656284	1.00315909767322	0.017	0.017	0	0	1000
0.75	10	"OptStop H1, n_max H1"	0.017	4	17	1.22064554336299	1.26330325811147	1.34657277501756	0.017	0.017	0	0	1000
0.75	10	"OptStop H1, n_max H1"	0.017	5	17	1.57071052297376	1.59605703141605	1.67504822893958	0.017	0.017	0	0	1000
0.75	10	"OptStop H1, n_max H1"	0.017	6	17	1.78311773376162	1.88170222981277	2.00387402505258	0.017	0.017	0	0	1000
0.75	10	"OptStop H1, n_max H1"	0.017	7	17	2.10649141246051	2.23465095951927	2.2855352375896	0.017	0.017	0	0	1000
0.75	10	"OptStop H1, n_max H1"	0.017	8	17	2.45858944238687	2.47270593638101	2.60708124763643	0.017	0.017	0	0	1000
0.75	10	"OptStop H1, n_max H1"	0.017	9	17	2.67021502177935	2.85255193224455	2.97064145072185	0.017	0.017	0	0	1000
0.75	10	"OptStop H1, n_max H1"	0.017	10	17	3.04448058412969	3.09169202755129	3.22312513945988	0.017	0.017	0	0	1000
0.75	10	"OptStop H0, n_max indecisive"	0.001	2	1	-0.658240725106221	-0.658240725106221	-0.658240725106221	0.017	0.017	0	0	1000
0.75	10	"OptStop H0, n_max indecisive"	0.001	3	1	-1.08518778652939	-1.08518778652939	-1.08518778652939	0.017	0.017	0	0	1000
0.75	10	"OptStop H0, n_max indecisive"	0.001	4	1	-1.56083894816835	-1.56083894816835	-1.56083894816835	0.017	0.017	0	0	1000
0.75	10	"OptStop H0, n_max indecisive"	0.001	5	1	-1.68045405093873	-1.68045405093873	-1.68045405093873	0.017	0.017	0	0	1000
0.75	10	"OptStop H0, n_max indecisive"	0.001	6	1	-2.17308357260806	-2.17308357260806	-2.17308357260806	0.017	0.017	0	0	1000
0.75	10	"OptStop H0, n_max indecisive"	0.001	7	1	-2.6546578919905	-2.6546578919905	-2.6546578919905	0.017	0.017	0	0	1000
0.75	10	"OptStop H0, n_max indecisive"	0.001	8	1	-3.07889165764803	-3.07889165764803	-3.07889165764803	0.017	0.017	0	0	1000
0.75	10	"OptStop H0, n_max indecisive"	0.001	10	1	-2.93576890112597	-2.93576890112597	-2.93576890112597	0.017	0.017	0	0	1000
0.8	10	"OptStop indecisive, n_max indecisive"	0.983	2	983	-0.0744131080714365	0.386436809027197	0.602344721396426	0.017	0.016	0.001	0	1000
0.8	10	"OptStop indecisive, n_max indecisive"	0.983	3	983	-0.00235353994871071	0.448597151134278	0.796217322140658	0.017	0.016	0.001	0	1000
0.8	10	"OptStop indecisive, n_max indecisive"	0.983	4	983	0.0673990851732644	0.604808610083635	0.962894353560111	0.017	0.016	0.001	0	1000
0.8	10	"OptStop indecisive, n_max indecisive"	0.983	5	983	0.133954428051932	0.733821769152876	1.15110454216937	0.017	0.016	0.001	0	1000
0.8	10	"OptStop indecisive, n_max indecisive"	0.983	6	983	0.211148156156831	0.83375292775927	1.34508427407617	0.017	0.016	0.001	0	1000
0.8	10	"OptStop indecisive, n_max indecisive"	0.983	7	983	0.307478438738308	0.957288889501563	1.48485835854644	0.017	0.016	0.001	0	1000
0.8	10	"OptStop indecisive, n_max indecisive"	0.983	8	983	0.466828198476364	1.04825929256689	1.68183668153264	0.017	0.016	0.001	0	1000
0.8	10	"OptStop indecisive, n_max indecisive"	0.983	9	983	0.517022481283786	1.1926450740363	1.85812874988824	0.017	0.016	0.001	0	1000
0.8	10	"OptStop indecisive, n_max indecisive"	0.983	10	983	0.581445868118055	1.34148022455982	2.02658726047177	0.017	0.016	0.001	0	1000
0.8	10	"OptStop H1, n_max H1"	0.016	2	16	0.611508587976769	0.631982514184517	0.645891131586481	0.017	0.016	0.001	0	1000
0.8	10	"OptStop H1, n_max H1"	0.016	3	16	0.94796322444995	0.962044888996722	0.988258315992997	0.017	0.016	0.001	0	1000
0.8	10	"OptStop H1, n_max H1"	0.016	4	16	1.24112002610558	1.2861637178021	1.32230789524398	0.017	0.016	0.001	0	1000
0.8	10	"OptStop H1, n_max H1"	0.016	5	16	1.56178899959342	1.65347697504693	1.67862420504368	0.017	0.016	0.001	0	1000
0.8	10	"OptStop H1, n_max H1"	0.016	6	16	1.896698098161	1.94407820139355	2.03643511621951	0.017	0.016	0.001	0	1000
0.8	10	"OptStop H1, n_max H1"	0.016	7	16	2.22085777459339	2.26568862336857	2.36058980213334	0.017	0.016	0.001	0	1000
0.8	10	"OptStop H1, n_max H1"	0.016	8	16	2.51827206805627	2.55302273000776	2.61822259179702	0.017	0.016	0.001	0	1000
0.8	10	"OptStop H1, n_max H1"	0.016	9	16	2.7845419488466	2.88356156446157	2.97710436316752	0.017	0.016	0.001	0	1000
0.8	10	"OptStop H1, n_max H1"	0.016	10	16	3.12253512911359	3.22722895742561	3.28940716064349	0.017	0.016	0.001	0	1000
0.8	10	"OptStop H1, n_max indecisive"	0.001	2	1	0.649324632186324	0.649324632186324	0.649324632186324	0.017	0.016	0.001	0	1000
0.8	10	"OptStop H1, n_max indecisive"	0.001	3	1	1.01187739414167	1.01187739414167	1.01187739414167	0.017	0.016	0.001	0	1000
0.8	10	"OptStop H1, n_max indecisive"	0.001	4	1	1.39002153315458	1.39002153315458	1.39002153315458	0.017	0.016	0.001	0	1000
0.8	10	"OptStop H1, n_max indecisive"	0.001	5	1	1.69797165640127	1.69797165640127	1.69797165640127	0.017	0.016	0.001	0	1000
0.8	10	"OptStop H1, n_max indecisive"	0.001	6	1	2.06502838647253	2.06502838647253	2.06502838647253	0.017	0.016	0.001	0	1000
0.8	10	"OptStop H1, n_max indecisive"	0.001	7	1	2.41461729249784	2.41461729249784	2.41461729249784	0.017	0.016	0.001	0	1000
0.8	10	"OptStop H1, n_max indecisive"	0.001	8	1	2.79404838010487	2.79404838010487	2.79404838010487	0.017	0.016	0.001	0	1000
0.8	10	"OptStop H1, n_max indecisive"	0.001	9	1	3.16366196347169	3.16366196347169	3.16366196347169	0.017	0.016	0.001	0	1000
0.8	10	"OptStop H1, n_max indecisive"	0.001	10	1	1.85903549282019	1.85903549282019	1.85903549282019	0.017	0.016	0.001	0	1000
0.85	10	"OptStop indecisive, n_max indecisive"	0.971	2	971	-0.0380959183547899	0.389743250559719	0.594955338349353	0.028	0.027	0.001	0	1000
0.85	10	"OptStop indecisive, n_max indecisive"	0.971	3	971	-0.0433566165860323	0.505463063722429	0.808766528326899	0.028	0.027	0.001	0	1000
0.85	10	"OptStop indecisive, n_max indecisive"	0.971	4	971	0.0773860344984258	0.639507570598654	1.033516577355	0.028	0.027	0.001	0	1000
0.85	10	"OptStop indecisive, n_max indecisive"	0.971	5	971	0.166808629808782	0.784526598775614	1.2209336564229	0.028	0.027	0.001	0	1000
0.85	10	"OptStop indecisive, n_max indecisive"	0.971	6	971	0.309246592092728	0.895046185887356	1.41393772713114	0.028	0.027	0.001	0	1000
0.85	10	"OptStop indecisive, n_max indecisive"	0.971	7	971	0.381420471378734	1.03474434093452	1.584227083067	0.028	0.027	0.001	0	1000
0.85	10	"OptStop indecisive, n_max indecisive"	0.971	8	971	0.428856072335409	1.14616458608466	1.72811293717594	0.028	0.027	0.001	0	1000
0.85	10	"OptStop indecisive, n_max indecisive"	0.971	9	971	0.557379158689271	1.30890851474689	1.94044663873372	0.028	0.027	0.001	0	1000
0.85	10	"OptStop indecisive, n_max indecisive"	0.971	10	971	0.693469902802326	1.45757514706264	2.10689931523283	0.028	0.027	0.001	0	1000
0.85	10	"OptStop H1, n_max H1"	0.027	2	27	0.562791347049284	0.612269037358001	0.628992181448359	0.028	0.027	0.001	0	1000
0.85	10	"OptStop H1, n_max H1"	0.027	3	27	0.856515574649385	0.92516569205431	0.976869380067576	0.028	0.027	0.001	0	1000
0.85	10	"OptStop H1, n_max H1"	0.027	4	27	1.11622563771324	1.21415372672663	1.29953580006747	0.028	0.027	0.001	0	1000
0.85	10	"OptStop H1, n_max H1"	0.027	5	27	1.44483820414592	1.55427758305076	1.62396614880551	0.028	0.027	0.001	0	1000
0.85	10	"OptStop H1, n_max H1"	0.027	6	27	1.75940034554217	1.84365949179732	1.93413041637199	0.028	0.027	0.001	0	1000
0.85	10	"OptStop H1, n_max H1"	0.027	7	27	2.10367595347263	2.17245832943172	2.23595584618789	0.028	0.027	0.001	0	1000
0.85	10	"OptStop H1, n_max H1"	0.027	8	27	2.3901791727523	2.45880411840466	2.52272664205826	0.028	0.027	0.001	0	1000
0.85	10	"OptStop H1, n_max H1"	0.027	9	27	2.6742171859174	2.76651714744782	2.87698534546469	0.028	0.027	0.001	0	1000
0.85	10	"OptStop H1, n_max H1"	0.027	10	27	3.04401603788219	3.09095123689271	3.18025736090231	0.028	0.027	0.001	0	1000
0.85	10	"OptStop H1, n_max indecisive"	0.001	2	1	0.568391913067364	0.568391913067364	0.568391913067364	0.028	0.027	0.001	0	1000
0.85	10	"OptStop H1, n_max indecisive"	0.001	3	1	0.935602756737852	0.935602756737852	0.935602756737852	0.028	0.027	0.001	0	1000
0.85	10	"OptStop H1, n_max indecisive"	0.001	4	1	1.27400143903972	1.27400143903972	1.27400143903972	0.028	0.027	0.001	0	1000
0.85	10	"OptStop H1, n_max indecisive"	0.001	5	1	1.6474449361947	1.6474449361947	1.6474449361947	0.028	0.027	0.001	0	1000
0.85	10	"OptStop H1, n_max indecisive"	0.001	6	1	2.01842857908767	2.01842857908767	2.01842857908767	0.028	0.027	0.001	0	1000
0.85	10	"OptStop H1, n_max indecisive"	0.001	7	1	2.35607299999372	2.35607299999372	2.35607299999372	0.028	0.027	0.001	0	1000
0.85	10	"OptStop H1, n_max indecisive"	0.001	8	1	2.71080318061634	2.71080318061634	2.71080318061634	0.028	0.027	0.001	0	1000
0.85	10	"OptStop H1, n_max indecisive"	0.001	9	1	3.04766102818814	3.04766102818814	3.04766102818814	0.028	0.027	0.001	0	1000
0.85	10	"OptStop H1, n_max indecisive"	0.001	10	1	2.91898627159146	2.91898627159146	2.91898627159146	0.028	0.027	0.001	0	1000
0.85	10	"OptStop H0, n_max indecisive"	0.001	2	1	-0.764350197491271	-0.764350197491271	-0.764350197491271	0.028	0.027	0.001	0	1000
0.85	10	"OptStop H0, n_max indecisive"	0.001	3	1	-1.16825504469159	-1.16825504469159	-1.16825504469159	0.028	0.027	0.001	0	1000
0.85	10	"OptStop H0, n_max indecisive"	0.001	4	1	-1.53950122208274	-1.53950122208274	-1.53950122208274	0.028	0.027	0.001	0	1000
0.85	10	"OptStop H0, n_max indecisive"	0.001	5	1	-1.96951679420073	-1.96951679420073	-1.96951679420073	0.028	0.027	0.001	0	1000
0.85	10	"OptStop H0, n_max indecisive"	0.001	6	1	-2.31243288866049	-2.31243288866049	-2.31243288866049	0.028	0.027	0.001	0	1000
0.85	10	"OptStop H0, n_max indecisive"	0.001	7	1	-2.614742449887	-2.614742449887	-2.614742449887	0.028	0.027	0.001	0	1000
0.85	10	"OptStop H0, n_max indecisive"	0.001	8	1	-3.09756661576357	-3.09756661576357	-3.09756661576357	0.028	0.027	0.001	0	1000
0.85	10	"OptStop H0, n_max indecisive"	0.001	10	1	-1.3412947676305	-1.3412947676305	-1.3412947676305	0.028	0.027	0.001	0	1000
0.9	10	"OptStop indecisive, n_max indecisive"	0.971	2	971	0.0441344708999799	0.437463995815447	0.603950243320692	0.029	0.028	0.001	0	1000
0.9	10	"OptStop indecisive, n_max indecisive"	0.971	3	971	0.158184369145191	0.57820900402402	0.838553286111422	0.029	0.028	0.001	0	1000
0.9	10	"OptStop indecisive, n_max indecisive"	0.971	4	971	0.24423153269317	0.734335061264462	1.0646638317595	0.029	0.028	0.001	0	1000
0.9	10	"OptStop indecisive, n_max indecisive"	0.971	5	971	0.26641926115389	0.865066684586325	1.23954230742984	0.029	0.028	0.001	0	1000
0.9	10	"OptStop indecisive, n_max indecisive"	0.971	6	971	0.350632768111126	1.02336842296733	1.45668530488428	0.029	0.028	0.001	0	1000
0.9	10	"OptStop indecisive, n_max indecisive"	0.971	7	971	0.488818693691599	1.12823669525855	1.65094041511999	0.029	0.028	0.001	0	1000
0.9	10	"OptStop indecisive, n_max indecisive"	0.971	8	971	0.577587190901722	1.25299601580504	1.82952000704223	0.029	0.028	0.001	0	1000
0.9	10	"OptStop indecisive, n_max indecisive"	0.971	9	971	0.726216190296615	1.41859812941644	1.98493992636607	0.029	0.028	0.001	0	1000
0.9	10	"OptStop indecisive, n_max indecisive"	0.971	10	971	0.839574297963511	1.58590944387727	2.1661240295149	0.029	0.028	0.001	0	1000
0.9	10	"OptStop H1, n_max H1"	0.028	2	28	0.554897596175522	0.603154768643295	0.639740759239353	0.029	0.028	0.001	0	1000
0.9	10	"OptStop H1, n_max H1"	0.028	3	28	0.788065202022433	0.946495435967162	0.996530466187446	0.029	0.028	0.001	0	1000
0.9	10	"OptStop H1, n_max H1"	0.028	4	28	1.12074810815125	1.27494970220652	1.3171510664892	0.029	0.028	0.001	0	1000
0.9	10	"OptStop H1, n_max H1"	0.028	5	28	1.44629860009413	1.51383115355742	1.63626302094483	0.029	0.028	0.001	0	1000
0.9	10	"OptStop H1, n_max H1"	0.028	6	28	1.71793365385948	1.87418283244792	1.94695553455396	0.029	0.028	0.001	0	1000
0.9	10	"OptStop H1, n_max H1"	0.028	7	28	2.05903820787124	2.14175420321243	2.30728054434386	0.029	0.028	0.001	0	1000
0.9	10	"OptStop H1, n_max H1"	0.028	8	28	2.39926499326999	2.46642304117197	2.63033965961529	0.029	0.028	0.001	0	1000
0.9	10	"OptStop H1, n_max H1"	0.028	9	28	2.71314709806242	2.76844265291233	2.89534437833697	0.029	0.028	0.001	0	1000
0.9	10	"OptStop H1, n_max H1"	0.028	10	28	3.06619746164814	3.09767875852665	3.20250462226267	0.029	0.028	0.001	0	1000
0.9	10	"OptStop H1, n_max indecisive"	0.001	2	1	0.619665467290974	0.619665467290974	0.619665467290974	0.029	0.028	0.001	0	1000
0.9	10	"OptStop H1, n_max indecisive"	0.001	3	1	0.981603445342011	0.981603445342011	0.981603445342011	0.029	0.028	0.001	0	1000
0.9	10	"OptStop H1, n_max indecisive"	0.001	4	1	1.36175911713458	1.36175911713458	1.36175911713458	0.029	0.028	0.001	0	1000
0.9	10	"OptStop H1, n_max indecisive"	0.001	5	1	1.55163681212585	1.55163681212585	1.55163681212585	0.029	0.028	0.001	0	1000
0.9	10	"OptStop H1, n_max indecisive"	0.001	6	1	1.93290832019823	1.93290832019823	1.93290832019823	0.029	0.028	0.001	0	1000
0.9	10	"OptStop H1, n_max indecisive"	0.001	7	1	2.30406563810828	2.30406563810828	2.30406563810828	0.029	0.028	0.001	0	1000
0.9	10	"OptStop H1, n_max indecisive"	0.001	8	1	2.67423831422432	2.67423831422432	2.67423831422432	0.029	0.028	0.001	0	1000
0.9	10	"OptStop H1, n_max indecisive"	0.001	9	1	2.99848159371258	2.99848159371258	2.99848159371258	0.029	0.028	0.001	0	1000
0.9	10	"OptStop H1, n_max indecisive"	0.001	10	1	2.7881039217296	2.7881039217296	2.7881039217296	0.029	0.028	0.001	0	1000
0.95	10	"OptStop indecisive, n_max indecisive"	0.964	2	964	-0.0166137973164229	0.433835898210136	0.604895986334533	0.036	0.036	0	0	1000
0.95	10	"OptStop indecisive, n_max indecisive"	0.964	3	964	0.119078541723856	0.562352026576973	0.819222774851986	0.036	0.036	0	0	1000
0.95	10	"OptStop indecisive, n_max indecisive"	0.964	4	964	0.191502023168541	0.712201798368843	1.03960520169815	0.036	0.036	0	0	1000
0.95	10	"OptStop indecisive, n_max indecisive"	0.964	5	964	0.338669484353913	0.859705576661126	1.26034029219058	0.036	0.036	0	0	1000
0.95	10	"OptStop indecisive, n_max indecisive"	0.964	6	964	0.416942573054369	0.99250831206511	1.4515526868957	0.036	0.036	0	0	1000
0.95	10	"OptStop indecisive, n_max indecisive"	0.964	7	964	0.524249732918123	1.1384274031034	1.63022314723862	0.036	0.036	0	0	1000
0.95	10	"OptStop indecisive, n_max indecisive"	0.964	8	964	0.609963026437891	1.28389911489967	1.81229204370366	0.036	0.036	0	0	1000
0.95	10	"OptStop indecisive, n_max indecisive"	0.964	9	964	0.743339151046242	1.39858120768647	2.02011124974314	0.036	0.036	0	0	1000
0.95	10	"OptStop indecisive, n_max indecisive"	0.964	10	964	0.850613934701286	1.58222943525291	2.18791311138087	0.036	0.036	0	0	1000
0.95	10	"OptStop H1, n_max H1"	0.036	2	36	0.547222496493797	0.609637651227557	0.646073115053274	0.036	0.036	0	0	1000
0.95	10	"OptStop H1, n_max H1"	0.036	3	36	0.80556673835412	0.909091801300395	0.987454145095602	0.036	0.036	0	0	1000
0.95	10	"OptStop H1, n_max H1"	0.036	4	36	1.12252890487915	1.22999750731709	1.29970532035464	0.036	0.036	0	0	1000
0.95	10	"OptStop H1, n_max H1"	0.036	5	36	1.46231690364489	1.54687908928552	1.63893128103925	0.036	0.036	0	0	1000
0.95	10	"OptStop H1, n_max H1"	0.036	6	36	1.77322134468462	1.85793740857678	1.97655555573871	0.036	0.036	0	0	1000
0.95	10	"OptStop H1, n_max H1"	0.036	7	36	2.10413061147595	2.18707424038824	2.31147482017013	0.036	0.036	0	0	1000
0.95	10	"OptStop H1, n_max H1"	0.036	8	36	2.42531347165144	2.48399443116948	2.55118480234335	0.036	0.036	0	0	1000
0.95	10	"OptStop H1, n_max H1"	0.036	9	36	2.75572150484417	2.82951888964295	2.87382596014174	0.036	0.036	0	0	1000
0.95	10	"OptStop H1, n_max H1"	0.036	10	36	3.06746584377442	3.1371812168812	3.20995977095255	0.036	0.036	0	0	1000
1	10	"OptStop indecisive, n_max indecisive"	0.971	2	971	0.126301865088845	0.465989797744223	0.615265402311382	0.029	0.028	0.001	0	1000
1	10	"OptStop indecisive, n_max indecisive"	0.971	3	971	0.199623117647858	0.608984260011548	0.880583376805286	0.029	0.028	0.001	0	1000
1	10	"OptStop indecisive, n_max indecisive"	0.971	4	971	0.322400390527381	0.768645981801758	1.07047440581482	0.029	0.028	0.001	0	1000
1	10	"OptStop indecisive, n_max indecisive"	0.971	5	971	0.493024987496267	0.953903072159322	1.26471791608327	0.029	0.028	0.001	0	1000
1	10	"OptStop indecisive, n_max indecisive"	0.971	6	971	0.622298403761814	1.12454796907881	1.48403346608451	0.029	0.028	0.001	0	1000
1	10	"OptStop indecisive, n_max indecisive"	0.971	7	971	0.758438953039427	1.29962057149162	1.71051105689906	0.029	0.028	0.001	0	1000
1	10	"OptStop indecisive, n_max indecisive"	0.971	8	971	0.899679136685116	1.46598898196577	1.92111212572476	0.029	0.028	0.001	0	1000
1	10	"OptStop indecisive, n_max indecisive"	0.971	9	971	1.00766093579502	1.64963793867575	2.10319803285144	0.029	0.028	0.001	0	1000
1	10	"OptStop indecisive, n_max indecisive"	0.971	10	971	1.15466360395158	1.80094852805747	2.29653663601859	0.029	0.028	0.001	0	1000
1	10	"OptStop H1, n_max H1"	0.028	2	28	0.596942765414235	0.62733213958494	0.653128122200267	0.029	0.028	0.001	0	1000
1	10	"OptStop H1, n_max H1"	0.028	3	28	0.862410947040918	0.93265446069904	0.973784949079199	0.029	0.028	0.001	0	1000
1	10	"OptStop H1, n_max H1"	0.028	4	28	1.18285808728454	1.26136504246711	1.31516113483609	0.029	0.028	0.001	0	1000
1	10	"OptStop H1, n_max H1"	0.028	5	28	1.54098254208479	1.62203363618618	1.65049247083887	0.029	0.028	0.001	0	1000
1	10	"OptStop H1, n_max H1"	0.028	6	28	1.7962248748567	1.92979972586691	1.99957979159498	0.029	0.028	0.001	0	1000
1	10	"OptStop H1, n_max H1"	0.028	7	28	2.07558181709912	2.2137266703719	2.33098554882202	0.029	0.028	0.001	0	1000
1	10	"OptStop H1, n_max H1"	0.028	8	28	2.42180917535285	2.5244874825772	2.6028299025074	0.029	0.028	0.001	0	1000
1	10	"OptStop H1, n_max H1"	0.028	9	28	2.73494944167023	2.82643249435083	2.93571783150657	0.029	0.028	0.001	0	1000
1	10	"OptStop H1, n_max H1"	0.028	10	28	3.06678111543205	3.13098527994824	3.1948837821331	0.029	0.028	0.001	0	1000
1	10	"OptStop H1, n_max indecisive"	0.001	2	1	0.626386690469729	0.626386690469729	0.626386690469729	0.029	0.028	0.001	0	1000
1	10	"OptStop H1, n_max indecisive"	0.001	3	1	1.00448922378471	1.00448922378471	1.00448922378471	0.029	0.028	0.001	0	1000
1	10	"OptStop H1, n_max indecisive"	0.001	4	1	1.32880761945342	1.32880761945342	1.32880761945342	0.029	0.028	0.001	0	1000
1	10	"OptStop H1, n_max indecisive"	0.001	5	1	1.57729797999636	1.57729797999636	1.57729797999636	0.029	0.028	0.001	0	1000
1	10	"OptStop H1, n_max indecisive"	0.001	6	1	1.90383959774157	1.90383959774157	1.90383959774157	0.029	0.028	0.001	0	1000
1	10	"OptStop H1, n_max indecisive"	0.001	7	1	2.26789649366605	2.26789649366605	2.26789649366605	0.029	0.028	0.001	0	1000
1	10	"OptStop H1, n_max indecisive"	0.001	8	1	2.63749616848022	2.63749616848022	2.63749616848022	0.029	0.028	0.001	0	1000
1	10	"OptStop H1, n_max indecisive"	0.001	9	1	3.00203462246062	3.00203462246062	3.00203462246062	0.029	0.028	0.001	0	1000
1	10	"OptStop H1, n_max indecisive"	0.001	10	1	2.76566360484551	2.76566360484551	2.76566360484551	0.029	0.028	0.001	0	1000
