"trueDelta"	"eCrit_upper"	"eCrit_lower"	"n"	"n_reps"	"h1_n"	"h0_n"	"ind_n"	"h1_prob"	"h0_prob"	"ind_prob"
0.42	20	0.05	10	500	2	4	494	0.004	0.008	0.988
0.42	20	0.05	11	500	6	0	494	0.012	0	0.988
0.42	20	0.05	12	500	9	8	483	0.018	0.016	0.966
0.42	20	0.05	13	500	13	7	480	0.026	0.014	0.96
0.42	20	0.05	14	500	21	9	470	0.042	0.018	0.94
0.42	20	0.05	15	500	24	5	471	0.048	0.01	0.942
0.42	20	0.05	16	500	25	10	465	0.05	0.02	0.93
0.42	20	0.05	17	500	25	8	467	0.05	0.016	0.934
0.42	20	0.05	18	500	31	17	452	0.062	0.034	0.904
0.42	20	0.05	19	500	43	15	442	0.086	0.03	0.884
0.42	20	0.05	20	500	48	13	439	0.096	0.026	0.878
0.42	20	0.05	21	500	50	13	437	0.1	0.026	0.874
0.42	20	0.05	22	500	60	17	423	0.12	0.034	0.846
0.42	20	0.05	23	500	79	14	407	0.158	0.028	0.814
0.42	20	0.05	24	500	78	16	406	0.156	0.032	0.812
0.42	20	0.05	25	500	74	17	409	0.148	0.034	0.818
0.42	20	0.05	26	500	72	18	410	0.144	0.036	0.82
0.42	20	0.05	27	500	70	30	400	0.14	0.06	0.8
0.42	20	0.05	28	500	90	17	393	0.18	0.034	0.786
0.42	20	0.05	29	500	77	24	399	0.154	0.048	0.798
0.42	20	0.05	30	500	78	19	403	0.156	0.038	0.806
0.42	20	0.05	31	500	104	14	382	0.208	0.028	0.764
0.42	20	0.05	32	500	102	19	379	0.204	0.038	0.758
0.42	20	0.05	33	500	111	20	369	0.222	0.04	0.738
0.42	20	0.05	34	500	109	20	371	0.218	0.04	0.742
0.42	20	0.05	35	500	115	21	364	0.23	0.042	0.728
0.42	20	0.05	36	500	118	22	360	0.236	0.044	0.72
0.42	20	0.05	37	500	112	20	368	0.224	0.04	0.736
0.42	20	0.05	38	500	123	25	352	0.246	0.05	0.704
0.42	20	0.05	39	500	132	24	344	0.264	0.048	0.688
0.42	20	0.05	40	500	142	19	339	0.284	0.038	0.678
0.42	20	0.05	41	500	141	22	337	0.282	0.044	0.674
0.42	20	0.05	42	500	149	25	326	0.298	0.05	0.652
0.42	20	0.05	43	500	141	27	332	0.282	0.054	0.664
0.42	20	0.05	44	500	127	34	339	0.254	0.068	0.678
0.42	20	0.05	45	500	141	29	330	0.282	0.058	0.66
0.42	20	0.05	46	500	151	20	329	0.302	0.04	0.658
0.42	20	0.05	47	500	158	25	317	0.316	0.05	0.634
0.42	20	0.05	48	500	167	32	301	0.334	0.064	0.602
0.42	20	0.05	49	500	161	28	311	0.322	0.056	0.622
0.42	20	0.05	50	500	174	31	295	0.348	0.062	0.59
0.42	20	0.05	51	500	170	32	298	0.34	0.064	0.596
0.42	20	0.05	52	500	190	28	282	0.38	0.056	0.564
0.42	20	0.05	53	500	187	14	299	0.374	0.028	0.598
0.42	20	0.05	54	500	176	30	294	0.352	0.06	0.588
0.42	20	0.05	55	500	179	41	280	0.358	0.082	0.56
0.42	20	0.05	56	500	177	26	297	0.354	0.052	0.594
0.42	20	0.05	57	500	183	37	280	0.366	0.074	0.56
0.42	20	0.05	58	500	177	25	298	0.354	0.05	0.596
0.42	20	0.05	59	500	201	21	278	0.402	0.042	0.556
0.42	20	0.05	60	500	195	32	273	0.39	0.064	0.546
0.42	20	0.05	61	500	186	32	282	0.372	0.064	0.564
0.42	20	0.05	62	500	199	27	274	0.398	0.054	0.548
0.42	20	0.05	63	500	202	20	278	0.404	0.04	0.556
0.42	20	0.05	64	500	202	28	270	0.404	0.056	0.54
0.42	20	0.05	65	500	209	31	260	0.418	0.062	0.52
0.42	20	0.05	66	500	202	28	270	0.404	0.056	0.54
0.42	20	0.05	67	500	210	30	260	0.42	0.06	0.52
0.42	20	0.05	68	500	213	24	263	0.426	0.048	0.526
0.42	20	0.05	69	500	215	27	258	0.43	0.054	0.516
0.42	20	0.05	70	500	211	23	266	0.422	0.046	0.532
0.42	20	0.05	71	500	199	33	268	0.398	0.066	0.536
0.42	20	0.05	72	500	219	30	251	0.438	0.06	0.502
0.42	20	0.05	73	500	230	21	249	0.46	0.042	0.498
0.42	20	0.05	74	500	232	38	230	0.464	0.076	0.46
0.42	20	0.05	75	500	246	29	225	0.492	0.058	0.45
0.42	20	0.05	76	500	232	23	245	0.464	0.046	0.49
0.42	20	0.05	77	500	219	31	250	0.438	0.062	0.5
0.42	20	0.05	78	500	229	26	245	0.458	0.052	0.49
0.42	20	0.05	79	500	255	33	212	0.51	0.066	0.424
0.42	20	0.05	80	500	242	28	230	0.484	0.056	0.46
0.42	20	0.05	81	500	254	33	213	0.508	0.066	0.426
0.42	20	0.05	82	500	218	45	237	0.436	0.09	0.474
0.42	20	0.05	83	500	254	32	214	0.508	0.064	0.428
0.42	20	0.05	84	500	247	30	223	0.494	0.06	0.446
0.42	20	0.05	85	500	262	27	211	0.524	0.054	0.422
0.42	20	0.05	86	500	258	43	199	0.516	0.086	0.398
0.42	20	0.05	87	500	265	26	209	0.53	0.052	0.418
0.42	20	0.05	88	500	268	31	201	0.536	0.062	0.402
0.42	20	0.05	89	500	264	33	203	0.528	0.066	0.406
0.42	20	0.05	90	500	251	26	223	0.502	0.052	0.446
0.42	20	0.05	91	500	238	42	220	0.476	0.084	0.44
0.42	20	0.05	92	500	270	25	205	0.54	0.05	0.41
0.42	20	0.05	93	500	279	26	195	0.558	0.052	0.39
0.42	20	0.05	94	500	270	26	204	0.54	0.052	0.408
0.42	20	0.05	95	500	246	30	224	0.492	0.06	0.448
0.42	20	0.05	96	500	273	25	202	0.546	0.05	0.404
0.42	20	0.05	97	500	265	32	203	0.53	0.064	0.406
0.42	20	0.05	98	500	268	27	205	0.536	0.054	0.41
0.42	20	0.05	99	500	274	34	192	0.548	0.068	0.384
0.42	20	0.05	100	500	290	29	181	0.58	0.058	0.362
0.42	20	0.05	101	500	262	30	208	0.524	0.06	0.416
0.42	20	0.05	102	500	263	27	210	0.526	0.054	0.42
0.42	20	0.05	103	500	282	30	188	0.564	0.06	0.376
0.42	20	0.05	104	500	281	33	186	0.562	0.066	0.372
0.42	20	0.05	105	500	283	36	181	0.566	0.072	0.362
0.42	20	0.05	106	500	298	34	168	0.596	0.068	0.336
0.42	20	0.05	107	500	298	28	174	0.596	0.056	0.348
0.42	20	0.05	108	500	277	33	190	0.554	0.066	0.38
0.42	20	0.05	109	500	297	34	169	0.594	0.068	0.338
0.42	20	0.05	110	500	296	34	170	0.592	0.068	0.34
0.42	20	0.05	111	500	301	33	166	0.602	0.066	0.332
0.42	20	0.05	112	500	273	29	198	0.546	0.058	0.396
0.42	20	0.05	113	500	278	38	184	0.556	0.076	0.368
0.42	20	0.05	114	500	304	30	166	0.608	0.06	0.332
0.42	20	0.05	115	500	296	27	177	0.592	0.054	0.354
0.42	20	0.05	116	500	302	25	173	0.604	0.05	0.346
0.42	20	0.05	117	500	312	23	165	0.624	0.046	0.33
0.42	20	0.05	118	500	301	31	168	0.602	0.062	0.336
0.42	20	0.05	119	500	288	32	180	0.576	0.064	0.36
0.42	20	0.05	120	500	303	28	169	0.606	0.056	0.338
0.42	20	0.05	121	500	318	19	163	0.636	0.038	0.326
0.42	20	0.05	122	500	294	27	179	0.588	0.054	0.358
0.42	20	0.05	123	500	304	31	165	0.608	0.062	0.33
0.42	20	0.05	124	500	321	24	155	0.642	0.048	0.31
0.42	20	0.05	125	500	324	33	143	0.648	0.066	0.286
0.42	20	0.05	126	500	311	26	163	0.622	0.052	0.326
0.42	20	0.05	127	500	314	32	154	0.628	0.064	0.308
0.42	20	0.05	128	500	329	22	149	0.658	0.044	0.298
0.42	20	0.05	129	500	313	17	170	0.626	0.034	0.34
0.42	20	0.05	130	500	300	38	162	0.6	0.076	0.324
0.42	20	0.05	131	500	323	25	152	0.646	0.05	0.304
0.42	20	0.05	132	500	319	29	152	0.638	0.058	0.304
0.42	20	0.05	133	500	333	22	145	0.666	0.044	0.29
0.42	20	0.05	134	500	313	26	161	0.626	0.052	0.322
0.42	20	0.05	135	500	342	22	136	0.684	0.044	0.272
0.42	20	0.05	136	500	306	33	161	0.612	0.066	0.322
0.42	20	0.05	137	500	327	33	140	0.654	0.066	0.28
0.42	20	0.05	138	500	330	28	142	0.66	0.056	0.284
0.42	20	0.05	139	500	320	25	155	0.64	0.05	0.31
0.42	20	0.05	140	500	318	26	156	0.636	0.052	0.312
0.42	20	0.05	141	500	314	30	156	0.628	0.06	0.312
0.42	20	0.05	142	500	329	21	150	0.658	0.042	0.3
0.42	20	0.05	143	500	336	23	141	0.672	0.046	0.282
0.42	20	0.05	144	500	337	20	143	0.674	0.04	0.286
0.42	20	0.05	145	500	330	37	133	0.66	0.074	0.266
0.42	20	0.05	146	500	337	24	139	0.674	0.048	0.278
0.42	20	0.05	147	500	337	28	135	0.674	0.056	0.27
0.42	20	0.05	148	500	334	30	136	0.668	0.06	0.272
0.42	20	0.05	149	500	327	32	141	0.654	0.064	0.282
0.42	20	0.05	150	500	339	27	134	0.678	0.054	0.268
0.42	20	0.05	151	500	332	23	145	0.664	0.046	0.29
0.42	20	0.05	152	500	354	32	114	0.708	0.064	0.228
0.42	20	0.05	153	500	354	25	121	0.708	0.05	0.242
0.42	20	0.05	154	500	338	26	136	0.676	0.052	0.272
0.42	20	0.05	155	500	336	30	134	0.672	0.06	0.268
0.42	20	0.05	156	500	345	30	125	0.69	0.06	0.25
0.42	20	0.05	157	500	336	28	136	0.672	0.056	0.272
0.42	20	0.05	158	500	352	20	128	0.704	0.04	0.256
0.42	20	0.05	159	500	337	28	135	0.674	0.056	0.27
0.42	20	0.05	160	500	338	23	139	0.676	0.046	0.278
0.42	20	0.05	161	500	352	24	124	0.704	0.048	0.248
0.42	20	0.05	162	500	354	36	110	0.708	0.072	0.22
0.42	20	0.05	163	500	343	32	125	0.686	0.064	0.25
0.42	20	0.05	164	500	351	19	130	0.702	0.038	0.26
0.42	20	0.05	165	500	344	29	127	0.688	0.058	0.254
0.42	20	0.05	166	500	355	28	117	0.71	0.056	0.234
0.42	20	0.05	167	500	359	29	112	0.718	0.058	0.224
0.42	20	0.05	168	500	365	25	110	0.73	0.05	0.22
0.42	20	0.05	169	500	367	29	104	0.734	0.058	0.208
0.42	20	0.05	170	500	354	28	118	0.708	0.056	0.236
0.42	20	0.05	171	500	362	26	112	0.724	0.052	0.224
0.42	20	0.05	172	500	342	29	129	0.684	0.058	0.258
0.42	20	0.05	173	500	350	32	118	0.7	0.064	0.236
0.42	20	0.05	174	500	359	30	111	0.718	0.06	0.222
0.42	20	0.05	175	500	366	21	113	0.732	0.042	0.226
0.42	20	0.05	176	500	369	19	112	0.738	0.038	0.224
0.42	20	0.05	177	500	356	26	118	0.712	0.052	0.236
0.42	20	0.05	178	500	374	23	103	0.748	0.046	0.206
0.42	20	0.05	179	500	360	21	119	0.72	0.042	0.238
0.42	20	0.05	180	500	362	23	115	0.724	0.046	0.23
0.42	20	0.05	181	500	366	23	111	0.732	0.046	0.222
0.42	20	0.05	182	500	362	25	113	0.724	0.05	0.226
0.42	20	0.05	183	500	358	18	124	0.716	0.036	0.248
0.42	20	0.05	184	500	358	32	110	0.716	0.064	0.22
0.42	20	0.05	185	500	377	23	100	0.754	0.046	0.2
0.42	20	0.05	186	500	379	20	101	0.758	0.04	0.202
0.42	20	0.05	187	500	352	22	126	0.704	0.044	0.252
0.42	20	0.05	188	500	362	26	112	0.724	0.052	0.224
0.42	20	0.05	189	500	358	23	119	0.716	0.046	0.238
0.42	20	0.05	190	500	373	24	103	0.746	0.048	0.206
0.42	20	0.05	191	500	351	25	124	0.702	0.05	0.248
0.42	20	0.05	192	500	359	30	111	0.718	0.06	0.222
0.42	20	0.05	193	500	367	27	106	0.734	0.054	0.212
0.42	20	0.05	194	500	393	12	95	0.786	0.024	0.19
0.42	20	0.05	195	500	374	25	101	0.748	0.05	0.202
0.42	20	0.05	196	500	365	15	120	0.73	0.03	0.24
0.42	20	0.05	197	500	375	23	102	0.75	0.046	0.204
0.42	20	0.05	198	500	361	23	116	0.722	0.046	0.232
0.42	20	0.05	199	500	379	21	100	0.758	0.042	0.2
0.42	20	0.05	200	500	390	22	88	0.78	0.044	0.176
0.42	20	0.05	201	500	376	22	102	0.752	0.044	0.204
0.42	20	0.05	202	500	382	16	102	0.764	0.032	0.204
0.42	20	0.05	203	500	380	24	96	0.76	0.048	0.192
0.42	20	0.05	204	500	387	22	91	0.774	0.044	0.182
0.42	20	0.05	205	500	381	19	100	0.762	0.038	0.2
0.42	20	0.05	206	500	384	19	97	0.768	0.038	0.194
0.42	20	0.05	207	500	384	21	95	0.768	0.042	0.19
0.42	20	0.05	208	500	396	21	83	0.792	0.042	0.166
0.42	20	0.05	209	500	378	22	100	0.756	0.044	0.2
0.42	20	0.05	210	500	383	14	103	0.766	0.028	0.206
0.42	20	0.05	211	500	379	24	97	0.758	0.048	0.194
0.42	20	0.05	212	500	371	23	106	0.742	0.046	0.212
0.42	20	0.05	213	500	393	23	84	0.786	0.046	0.168
0.42	20	0.05	214	500	375	27	98	0.75	0.054	0.196
0.42	20	0.05	215	500	380	19	101	0.76	0.038	0.202
0.42	20	0.05	216	500	405	18	77	0.81	0.036	0.154
0.42	20	0.05	217	500	385	22	93	0.77	0.044	0.186
0.42	20	0.05	218	500	380	23	97	0.76	0.046	0.194
0.42	20	0.05	219	500	396	21	83	0.792	0.042	0.166
0.42	20	0.05	220	500	394	18	88	0.788	0.036	0.176
0.42	20	0.05	221	500	394	21	85	0.788	0.042	0.17
0.42	20	0.05	222	500	388	24	88	0.776	0.048	0.176
0.42	20	0.05	223	500	402	23	75	0.804	0.046	0.15
0.42	20	0.05	224	500	396	18	86	0.792	0.036	0.172
0.42	20	0.05	225	500	380	27	93	0.76	0.054	0.186
0.42	20	0.05	226	500	382	23	95	0.764	0.046	0.19
0.42	20	0.05	227	500	395	29	76	0.79	0.058	0.152
0.42	20	0.05	228	500	388	26	86	0.776	0.052	0.172
0.42	20	0.05	229	500	406	19	75	0.812	0.038	0.15
0.42	20	0.05	230	500	407	12	81	0.814	0.024	0.162
0.42	20	0.05	231	500	387	18	95	0.774	0.036	0.19
0.42	20	0.05	232	500	392	20	88	0.784	0.04	0.176
0.42	20	0.05	233	500	402	33	65	0.804	0.066	0.13
0.42	20	0.05	234	500	403	17	80	0.806	0.034	0.16
0.42	20	0.05	235	500	409	10	81	0.818	0.02	0.162
0.42	20	0.05	236	500	383	19	98	0.766	0.038	0.196
0.42	20	0.05	237	500	391	22	87	0.782	0.044	0.174
0.42	20	0.05	238	500	400	20	80	0.8	0.04	0.16
0.42	20	0.05	239	500	403	24	73	0.806	0.048	0.146
0.42	20	0.05	240	500	389	23	88	0.778	0.046	0.176
0.42	20	0.05	241	500	401	16	83	0.802	0.032	0.166
0.42	20	0.05	242	500	409	13	78	0.818	0.026	0.156
0.42	20	0.05	243	500	406	13	81	0.812	0.026	0.162
0.42	20	0.05	244	500	394	23	83	0.788	0.046	0.166
0.42	20	0.05	245	500	393	22	85	0.786	0.044	0.17
0.42	20	0.05	246	500	407	13	80	0.814	0.026	0.16
0.42	20	0.05	247	500	405	18	77	0.81	0.036	0.154
0.42	20	0.05	248	500	402	25	73	0.804	0.05	0.146
0.42	20	0.05	249	500	404	21	75	0.808	0.042	0.15
0.42	20	0.05	250	500	412	17	71	0.824	0.034	0.142
0.42	20	0.05	251	500	412	24	64	0.824	0.048	0.128
0.42	20	0.05	252	500	403	18	79	0.806	0.036	0.158
0.42	20	0.05	253	500	394	17	89	0.788	0.034	0.178
0.42	20	0.05	254	500	399	23	78	0.798	0.046	0.156
0.42	20	0.05	255	500	410	25	65	0.82	0.05	0.13
0.42	20	0.05	256	500	418	12	70	0.836	0.024	0.14
0.42	20	0.05	257	500	419	17	64	0.838	0.034	0.128
0.42	20	0.05	258	500	414	15	71	0.828	0.03	0.142
0.42	20	0.05	259	500	408	26	66	0.816	0.052	0.132
0.42	20	0.05	260	500	413	14	73	0.826	0.028	0.146
0.42	20	0.05	261	500	396	19	85	0.792	0.038	0.17
0.42	20	0.05	262	500	418	23	59	0.836	0.046	0.118
0.42	20	0.05	263	500	430	16	54	0.86	0.032	0.108
0.42	20	0.05	264	500	408	16	76	0.816	0.032	0.152
0.42	20	0.05	265	500	410	19	71	0.82	0.038	0.142
0.42	20	0.05	266	500	408	21	71	0.816	0.042	0.142
0.42	20	0.05	267	500	416	16	68	0.832	0.032	0.136
0.42	20	0.05	268	500	415	22	63	0.83	0.044	0.126
0.42	20	0.05	269	500	427	18	55	0.854	0.036	0.11
0.42	20	0.05	270	500	410	16	74	0.82	0.032	0.148
0.42	20	0.05	271	500	418	13	69	0.836	0.026	0.138
0.42	20	0.05	272	500	428	13	59	0.856	0.026	0.118
0.42	20	0.05	273	500	413	15	72	0.826	0.03	0.144
0.42	20	0.05	274	500	428	11	61	0.856	0.022	0.122
0.42	20	0.05	275	500	417	16	67	0.834	0.032	0.134
0.42	20	0.05	276	500	413	18	69	0.826	0.036	0.138
0.42	20	0.05	277	500	407	10	83	0.814	0.02	0.166
0.42	20	0.05	278	500	422	19	59	0.844	0.038	0.118
0.42	20	0.05	279	500	420	18	62	0.84	0.036	0.124
0.42	20	0.05	280	500	403	22	75	0.806	0.044	0.15
0.42	20	0.05	281	500	421	19	60	0.842	0.038	0.12
0.42	20	0.05	282	500	418	14	68	0.836	0.028	0.136
0.42	20	0.05	283	500	408	20	72	0.816	0.04	0.144
0.42	20	0.05	284	500	430	14	56	0.86	0.028	0.112
0.42	20	0.05	285	500	419	23	58	0.838	0.046	0.116
0.42	20	0.05	286	500	420	15	65	0.84	0.03	0.13
0.42	20	0.05	287	500	437	13	50	0.874	0.026	0.1
0.42	20	0.05	288	500	412	14	74	0.824	0.028	0.148
0.42	20	0.05	289	500	422	19	59	0.844	0.038	0.118
0.42	20	0.05	290	500	418	12	70	0.836	0.024	0.14
0.42	20	0.05	291	500	422	19	59	0.844	0.038	0.118
0.42	20	0.05	292	500	404	24	72	0.808	0.048	0.144
0.42	20	0.05	293	500	423	22	55	0.846	0.044	0.11
0.42	20	0.05	294	500	430	15	55	0.86	0.03	0.11
0.42	20	0.05	295	500	428	14	58	0.856	0.028	0.116
0.42	20	0.05	296	500	428	16	56	0.856	0.032	0.112
0.42	20	0.05	297	500	434	10	56	0.868	0.02	0.112
0.42	20	0.05	298	500	430	17	53	0.86	0.034	0.106
0.42	20	0.05	299	500	424	16	60	0.848	0.032	0.12
0.42	20	0.05	300	500	437	14	49	0.874	0.028	0.098
0.42	20	0.05	301	500	423	18	59	0.846	0.036	0.118
0.42	20	0.05	302	500	421	13	66	0.842	0.026	0.132
0.42	20	0.05	303	500	432	18	50	0.864	0.036	0.1
0.42	20	0.05	304	500	422	12	66	0.844	0.024	0.132
0.42	20	0.05	305	500	422	15	63	0.844	0.03	0.126
0.42	20	0.05	306	500	423	6	71	0.846	0.012	0.142
0.42	20	0.05	307	500	432	14	54	0.864	0.028	0.108
0.42	20	0.05	308	500	418	18	64	0.836	0.036	0.128
0.42	20	0.05	309	500	415	18	67	0.83	0.036	0.134
0.42	20	0.05	310	500	430	14	56	0.86	0.028	0.112
0.42	20	0.05	311	500	436	12	52	0.872	0.024	0.104
0.42	20	0.05	312	500	431	12	57	0.862	0.024	0.114
0.42	20	0.05	313	500	428	12	60	0.856	0.024	0.12
0.42	20	0.05	314	500	424	13	63	0.848	0.026	0.126
0.42	20	0.05	315	500	427	19	54	0.854	0.038	0.108
0.42	20	0.05	316	500	439	12	49	0.878	0.024	0.098
0.42	20	0.05	317	500	443	13	44	0.886	0.026	0.088
0.42	20	0.05	318	500	427	17	56	0.854	0.034	0.112
0.42	20	0.05	319	500	438	15	47	0.876	0.03	0.094
0.42	20	0.05	320	500	443	18	39	0.886	0.036	0.078
0.42	20	0.05	321	500	431	12	57	0.862	0.024	0.114
0.42	20	0.05	322	500	436	14	50	0.872	0.028	0.1
0.42	20	0.05	323	500	444	12	44	0.888	0.024	0.088
0.42	20	0.05	324	500	422	18	60	0.844	0.036	0.12
0.42	20	0.05	325	500	434	14	52	0.868	0.028	0.104
0.42	20	0.05	326	500	449	11	40	0.898	0.022	0.08
0.42	20	0.05	327	500	443	8	49	0.886	0.016	0.098
0.42	20	0.05	328	500	439	21	40	0.878	0.042	0.08
0.42	20	0.05	329	500	436	12	52	0.872	0.024	0.104
0.42	20	0.05	330	500	439	9	52	0.878	0.018	0.104
0.42	20	0.05	331	500	436	21	43	0.872	0.042	0.086
0.42	20	0.05	332	500	424	20	56	0.848	0.04	0.112
0.42	20	0.05	333	500	434	13	53	0.868	0.026	0.106
0.42	20	0.05	334	500	445	9	46	0.89	0.018	0.092
0.42	20	0.05	335	500	445	13	42	0.89	0.026	0.084
0.42	20	0.05	336	500	447	10	43	0.894	0.02	0.086
0.42	20	0.05	337	500	426	10	64	0.852	0.02	0.128
0.42	20	0.05	338	500	426	19	55	0.852	0.038	0.11
0.42	20	0.05	339	500	435	12	53	0.87	0.024	0.106
0.42	20	0.05	340	500	434	12	54	0.868	0.024	0.108
0.42	20	0.05	341	500	440	8	52	0.88	0.016	0.104
0.42	20	0.05	342	500	431	16	53	0.862	0.032	0.106
0.42	20	0.05	343	500	432	19	49	0.864	0.038	0.098
0.42	20	0.05	344	500	435	14	51	0.87	0.028	0.102
0.42	20	0.05	345	500	441	16	43	0.882	0.032	0.086
0.42	20	0.05	346	500	437	13	50	0.874	0.026	0.1
0.42	20	0.05	347	500	440	11	49	0.88	0.022	0.098
0.42	20	0.05	348	500	433	10	57	0.866	0.02	0.114
0.42	20	0.05	349	500	429	20	51	0.858	0.04	0.102
0.42	20	0.05	350	500	444	17	39	0.888	0.034	0.078
0.42	20	0.05	351	500	444	6	50	0.888	0.012	0.1
0.42	20	0.05	352	500	449	10	41	0.898	0.02	0.082
0.42	20	0.05	353	500	450	11	39	0.9	0.022	0.078
0.42	20	0.05	354	500	449	11	40	0.898	0.022	0.08
0.42	20	0.05	355	500	435	12	53	0.87	0.024	0.106
0.42	20	0.05	356	500	445	17	38	0.89	0.034	0.076
0.42	20	0.05	357	500	441	9	50	0.882	0.018	0.1
0.42	20	0.05	358	500	451	11	38	0.902	0.022	0.076
0.42	20	0.05	359	500	435	12	53	0.87	0.024	0.106
0.42	20	0.05	360	500	448	10	42	0.896	0.02	0.084
0.42	20	0.05	361	500	449	15	36	0.898	0.03	0.072
0.42	20	0.05	362	500	437	18	45	0.874	0.036	0.09
0.42	20	0.05	363	500	447	10	43	0.894	0.02	0.086
0.42	20	0.05	364	500	464	4	32	0.928	0.008	0.064
0.42	20	0.05	365	500	451	14	35	0.902	0.028	0.07
0.42	20	0.05	366	500	445	7	48	0.89	0.014	0.096
0.42	20	0.05	367	500	445	13	42	0.89	0.026	0.084
0.42	20	0.05	368	500	443	14	43	0.886	0.028	0.086
0.42	20	0.05	369	500	445	15	40	0.89	0.03	0.08
0.42	20	0.05	370	500	446	16	38	0.892	0.032	0.076
0.42	20	0.05	371	500	456	16	28	0.912	0.032	0.056
0.42	20	0.05	372	500	454	11	35	0.908	0.022	0.07
0.42	20	0.05	373	500	451	9	40	0.902	0.018	0.08
0.42	20	0.05	374	500	439	19	42	0.878	0.038	0.084
0.42	20	0.05	375	500	451	13	36	0.902	0.026	0.072
0.42	20	0.05	376	500	450	14	36	0.9	0.028	0.072
0.42	20	0.05	377	500	446	9	45	0.892	0.018	0.09
0.42	20	0.05	378	500	449	10	41	0.898	0.02	0.082
0.42	20	0.05	379	500	453	9	38	0.906	0.018	0.076
0.42	20	0.05	380	500	445	13	42	0.89	0.026	0.084
0.42	20	0.05	381	500	448	13	39	0.896	0.026	0.078
0.42	20	0.05	382	500	456	8	36	0.912	0.016	0.072
0.42	20	0.05	383	500	435	13	52	0.87	0.026	0.104
0.42	20	0.05	384	500	441	13	46	0.882	0.026	0.092
0.42	20	0.05	385	500	456	9	35	0.912	0.018	0.07
0.42	20	0.05	386	500	441	13	46	0.882	0.026	0.092
0.42	20	0.05	387	500	449	13	38	0.898	0.026	0.076
0.42	20	0.05	388	500	459	8	33	0.918	0.016	0.066
0.42	20	0.05	389	500	448	11	41	0.896	0.022	0.082
0.42	20	0.05	390	500	449	12	39	0.898	0.024	0.078
0.42	20	0.05	391	500	449	5	46	0.898	0.01	0.092
0.42	20	0.05	392	500	460	9	31	0.92	0.018	0.062
0.42	20	0.05	393	500	455	16	29	0.91	0.032	0.058
0.42	20	0.05	394	500	452	12	36	0.904	0.024	0.072
0.42	20	0.05	395	500	452	3	45	0.904	0.006	0.09
0.42	20	0.05	396	500	448	8	44	0.896	0.016	0.088
0.42	20	0.05	397	500	455	13	32	0.91	0.026	0.064
0.42	20	0.05	398	500	450	6	44	0.9	0.012	0.088
0.42	20	0.05	399	500	453	5	42	0.906	0.01	0.084
0.42	20	0.05	400	500	453	7	40	0.906	0.014	0.08
0.42	20	0.05	401	500	450	10	40	0.9	0.02	0.08
0.42	20	0.05	402	500	450	15	35	0.9	0.03	0.07
0.42	20	0.05	403	500	451	11	38	0.902	0.022	0.076
0.42	20	0.05	404	500	459	7	34	0.918	0.014	0.068
0.42	20	0.05	405	500	460	16	24	0.92	0.032	0.048
0.42	20	0.05	406	500	457	11	32	0.914	0.022	0.064
0.42	20	0.05	407	500	451	12	37	0.902	0.024	0.074
0.42	20	0.05	408	500	446	5	49	0.892	0.01	0.098
0.42	20	0.05	409	500	452	16	32	0.904	0.032	0.064
0.42	20	0.05	410	500	455	9	36	0.91	0.018	0.072
0.42	20	0.05	411	500	461	4	35	0.922	0.008	0.07
0.42	20	0.05	412	500	451	6	43	0.902	0.012	0.086
0.42	20	0.05	413	500	461	9	30	0.922	0.018	0.06
0.42	20	0.05	414	500	448	10	42	0.896	0.02	0.084
0.42	20	0.05	415	500	461	6	33	0.922	0.012	0.066
0.42	20	0.05	416	500	455	11	34	0.91	0.022	0.068
0.42	20	0.05	417	500	461	15	24	0.922	0.03	0.048
0.42	20	0.05	418	500	462	21	17	0.924	0.042	0.034
0.42	20	0.05	419	500	464	21	15	0.928	0.042	0.03
0.42	20	0.05	420	500	451	33	16	0.902	0.066	0.032
0.42	20	0.05	421	500	458	35	7	0.916	0.07	0.014
0.42	20	0.05	422	500	461	39	0	0.922	0.078	0
0.42	20	0.05	423	500	434	66	0	0.868	0.132	0
0.42	20	0.05	424	500	429	71	0	0.858	0.142	0
0.42	20	0.05	425	500	442	58	0	0.884	0.116	0
0.42	20	0.05	426	500	413	87	0	0.826	0.174	0
0.42	20	0.05	427	500	401	99	0	0.802	0.198	0
0.42	20	0.05	428	500	386	114	0	0.772	0.228	0
0.42	20	0.05	429	500	369	131	0	0.738	0.262	0
0.42	20	0.05	430	500	360	140	0	0.72	0.28	0
0.42	20	0.05	431	500	336	164	0	0.672	0.328	0
0.42	20	0.05	432	500	307	193	0	0.614	0.386	0
0.42	20	0.05	433	500	303	197	0	0.606	0.394	0
0.42	20	0.05	434	500	286	214	0	0.572	0.428	0
0.42	20	0.05	435	500	269	231	0	0.538	0.462	0
0.42	20	0.05	436	500	262	238	0	0.524	0.476	0
0.42	20	0.05	437	500	225	275	0	0.45	0.55	0
0.42	20	0.05	438	500	224	276	0	0.448	0.552	0
0.42	20	0.05	439	500	201	299	0	0.402	0.598	0
0.42	20	0.05	440	500	177	323	0	0.354	0.646	0
0.42	20	0.05	441	500	161	339	0	0.322	0.678	0
0.42	20	0.05	442	500	165	335	0	0.33	0.67	0
0.42	20	0.05	443	500	132	368	0	0.264	0.736	0
0.42	20	0.05	444	500	131	369	0	0.262	0.738	0
0.42	20	0.05	445	500	102	398	0	0.204	0.796	0
0.42	20	0.05	446	500	91	409	0	0.182	0.818	0
0.42	20	0.05	447	500	98	402	0	0.196	0.804	0
0.42	20	0.05	448	500	73	427	0	0.146	0.854	0
0.42	20	0.05	449	500	84	416	0	0.168	0.832	0
0.42	20	0.05	450	500	55	445	0	0.11	0.89	0
0.42	20	0.05	451	500	53	447	0	0.106	0.894	0
0.42	20	0.05	452	500	56	444	0	0.112	0.888	0
0.42	20	0.05	453	500	45	455	0	0.09	0.91	0
0.42	20	0.05	454	500	33	467	0	0.066	0.934	0
0.42	20	0.05	455	500	30	470	0	0.06	0.94	0
0.42	20	0.05	456	500	29	471	0	0.058	0.942	0
0.42	20	0.05	457	500	22	478	0	0.044	0.956	0
0.42	20	0.05	458	500	17	483	0	0.034	0.966	0
0.42	20	0.05	459	500	15	485	0	0.03	0.97	0
0.42	20	0.05	460	500	15	485	0	0.03	0.97	0
0.42	20	0.05	461	500	13	487	0	0.026	0.974	0
0.42	20	0.05	462	500	12	488	0	0.024	0.976	0
0.42	20	0.05	463	500	9	491	0	0.018	0.982	0
0.42	20	0.05	464	500	10	490	0	0.02	0.98	0
0.42	20	0.05	465	500	9	491	0	0.018	0.982	0
0.42	20	0.05	466	500	5	495	0	0.01	0.99	0
0.42	20	0.05	467	500	1	499	0	0.002	0.998	0
0.42	20	0.05	468	500	5	495	0	0.01	0.99	0
0.42	20	0.05	469	500	3	497	0	0.006	0.994	0
0.42	20	0.05	470	500	1	499	0	0.002	0.998	0
0.42	20	0.05	471	500	7	493	0	0.014	0.986	0
0.42	20	0.05	472	500	5	495	0	0.01	0.99	0
0.42	20	0.05	473	500	1	499	0	0.002	0.998	0
0.42	20	0.05	474	500	0	500	0	0	1	0
0.42	20	0.05	475	500	2	498	0	0.004	0.996	0
0.42	20	0.05	476	500	2	498	0	0.004	0.996	0
0.42	20	0.05	477	500	1	499	0	0.002	0.998	0
0.42	20	0.05	478	500	2	498	0	0.004	0.996	0
0.42	20	0.05	479	500	1	499	0	0.002	0.998	0
0.42	20	0.05	480	500	0	500	0	0	1	0
0.42	20	0.05	481	500	1	499	0	0.002	0.998	0
0.42	20	0.05	482	500	0	500	0	0	1	0
0.42	20	0.05	483	500	1	499	0	0.002	0.998	0
0.42	20	0.05	484	500	0	500	0	0	1	0
0.42	20	0.05	485	500	1	499	0	0.002	0.998	0
0.42	20	0.05	486	500	0	500	0	0	1	0
0.42	20	0.05	487	500	0	500	0	0	1	0
0.42	20	0.05	488	500	0	500	0	0	1	0
0.42	20	0.05	489	500	0	500	0	0	1	0
0.42	20	0.05	490	500	0	500	0	0	1	0
0.42	20	0.05	491	500	0	500	0	0	1	0
0.42	20	0.05	492	500	0	500	0	0	1	0
0.42	20	0.05	493	500	0	500	0	0	1	0
0.42	20	0.05	494	500	0	500	0	0	1	0
0.42	20	0.05	495	500	0	500	0	0	1	0
0.42	20	0.05	496	500	0	500	0	0	1	0
0.42	20	0.05	497	500	0	500	0	0	1	0
0.42	20	0.05	498	500	0	500	0	0	1	0
0.42	20	0.05	499	500	0	500	0	0	1	0
0.42	20	0.05	500	500	0	500	0	0	1	0
0.42	20	0.05	501	500	0	500	0	0	1	0
0.42	20	0.05	502	500	0	500	0	0	1	0
0.42	20	0.05	503	500	0	500	0	0	1	0
0.42	20	0.05	504	500	0	500	0	0	1	0
0.42	20	0.05	505	500	0	500	0	0	1	0
0.42	20	0.05	506	500	0	500	0	0	1	0
0.42	20	0.05	507	500	0	500	0	0	1	0
0.42	20	0.05	508	500	0	500	0	0	1	0
0.42	20	0.05	509	500	0	500	0	0	1	0
0.42	20	0.05	510	500	0	500	0	0	1	0
0.42	20	0.05	511	500	0	500	0	0	1	0
0.42	20	0.05	512	500	0	500	0	0	1	0
0.42	20	0.05	513	500	0	500	0	0	1	0
0.42	20	0.05	514	500	0	500	0	0	1	0
0.42	20	0.05	515	500	0	500	0	0	1	0
0.42	20	0.05	516	500	0	500	0	0	1	0
0.42	20	0.05	517	500	0	500	0	0	1	0
0.42	20	0.05	518	500	0	500	0	0	1	0
0.42	20	0.05	519	500	0	500	0	0	1	0
0.42	20	0.05	520	500	0	500	0	0	1	0
0.42	20	0.05	521	500	0	500	0	0	1	0
0.42	20	0.05	522	500	0	500	0	0	1	0
0.42	20	0.05	523	500	0	500	0	0	1	0
0.42	20	0.05	524	500	0	500	0	0	1	0
0.42	20	0.05	525	500	0	500	0	0	1	0
0.42	20	0.05	526	500	0	500	0	0	1	0
0.42	20	0.05	527	500	0	500	0	0	1	0
0.42	20	0.05	528	500	0	500	0	0	1	0
0.42	20	0.05	529	500	0	500	0	0	1	0
0.42	20	0.05	530	500	0	500	0	0	1	0
0.42	20	0.05	531	500	0	500	0	0	1	0
0.42	20	0.05	532	500	0	500	0	0	1	0
0.42	20	0.05	533	500	0	500	0	0	1	0
0.42	20	0.05	534	500	0	500	0	0	1	0
0.42	20	0.05	535	500	0	500	0	0	1	0
0.42	20	0.05	536	500	0	500	0	0	1	0
0.42	20	0.05	537	500	0	500	0	0	1	0
0.42	20	0.05	538	500	0	500	0	0	1	0
0.42	20	0.05	539	500	0	500	0	0	1	0
0.42	20	0.05	540	500	0	500	0	0	1	0
0.42	20	0.05	541	500	0	500	0	0	1	0
0.42	20	0.05	542	500	0	500	0	0	1	0
0.42	20	0.05	543	500	0	500	0	0	1	0
0.42	20	0.05	544	500	0	500	0	0	1	0
0.42	20	0.05	545	500	0	500	0	0	1	0
0.42	20	0.05	546	500	0	500	0	0	1	0
0.42	20	0.05	547	500	0	500	0	0	1	0
0.42	20	0.05	548	500	0	500	0	0	1	0
0.42	20	0.05	549	500	0	500	0	0	1	0
0.42	20	0.05	550	500	0	500	0	0	1	0
0.42	20	0.05	551	500	0	500	0	0	1	0
0.42	20	0.05	552	500	0	500	0	0	1	0
0.42	20	0.05	553	500	0	500	0	0	1	0
0.42	20	0.05	554	500	0	500	0	0	1	0
0.42	20	0.05	555	500	0	500	0	0	1	0
0.42	20	0.05	556	500	0	500	0	0	1	0
0.42	20	0.05	557	500	0	500	0	0	1	0
0.42	20	0.05	558	500	0	500	0	0	1	0
0.42	20	0.05	559	500	0	500	0	0	1	0
0.42	20	0.05	560	500	0	500	0	0	1	0
0.42	20	0.05	561	500	0	500	0	0	1	0
0.42	20	0.05	562	500	0	500	0	0	1	0
0.42	20	0.05	563	500	0	500	0	0	1	0
0.42	20	0.05	564	500	0	500	0	0	1	0
0.42	20	0.05	565	500	0	500	0	0	1	0
0.42	20	0.05	566	500	0	500	0	0	1	0
0.42	20	0.05	567	500	0	500	0	0	1	0
0.42	20	0.05	568	500	0	500	0	0	1	0
0.42	20	0.05	569	500	0	500	0	0	1	0
0.42	20	0.05	570	500	0	500	0	0	1	0
0.42	20	0.05	571	500	0	500	0	0	1	0
0.42	20	0.05	572	500	0	500	0	0	1	0
0.42	20	0.05	573	500	0	500	0	0	1	0
0.42	20	0.05	574	500	0	500	0	0	1	0
0.42	20	0.05	575	500	0	500	0	0	1	0
0.42	20	0.05	576	500	0	500	0	0	1	0
0.42	20	0.05	577	500	0	500	0	0	1	0
0.42	20	0.05	578	500	0	500	0	0	1	0
0.42	20	0.05	579	500	0	500	0	0	1	0
0.42	20	0.05	580	500	0	500	0	0	1	0
0.42	20	0.05	581	500	0	500	0	0	1	0
0.42	20	0.05	582	500	0	500	0	0	1	0
0.42	20	0.05	583	500	0	500	0	0	1	0
0.42	20	0.05	584	500	0	500	0	0	1	0
0.42	20	0.05	585	500	0	500	0	0	1	0
0.42	20	0.05	586	500	0	500	0	0	1	0
0.42	20	0.05	587	500	0	500	0	0	1	0
0.42	20	0.05	588	500	0	500	0	0	1	0
0.42	20	0.05	589	500	0	500	0	0	1	0
0.42	20	0.05	590	500	0	500	0	0	1	0
0.42	20	0.05	591	500	0	500	0	0	1	0
0.42	20	0.05	592	500	0	500	0	0	1	0
0.42	20	0.05	593	500	0	500	0	0	1	0
0.42	20	0.05	594	500	0	500	0	0	1	0
0.42	20	0.05	595	500	0	500	0	0	1	0
0.42	20	0.05	596	500	0	500	0	0	1	0
0.42	20	0.05	597	500	0	500	0	0	1	0
0.42	20	0.05	598	500	0	500	0	0	1	0
0.42	20	0.05	599	500	0	500	0	0	1	0
0.42	20	0.05	600	500	0	500	0	0	1	0
0.42	20	0.05	601	500	0	500	0	0	1	0
0.42	20	0.05	602	500	0	500	0	0	1	0
0.42	20	0.05	603	500	0	500	0	0	1	0
0.42	20	0.05	604	500	0	500	0	0	1	0
0.42	20	0.05	605	500	0	500	0	0	1	0
0.42	20	0.05	606	500	0	500	0	0	1	0
0.42	20	0.05	607	500	0	500	0	0	1	0
0.42	20	0.05	608	500	0	500	0	0	1	0
0.42	20	0.05	609	500	0	500	0	0	1	0
0.42	20	0.05	610	500	0	500	0	0	1	0
0.42	20	0.05	611	500	0	500	0	0	1	0
0.42	20	0.05	612	500	0	500	0	0	1	0
0.42	20	0.05	613	500	0	500	0	0	1	0
0.42	20	0.05	614	500	0	500	0	0	1	0
0.42	20	0.05	615	500	0	500	0	0	1	0
0.42	20	0.05	616	500	0	500	0	0	1	0
0.42	20	0.05	617	500	0	500	0	0	1	0
0.42	20	0.05	618	500	0	500	0	0	1	0
0.42	20	0.05	619	500	0	500	0	0	1	0
0.42	20	0.05	620	500	0	500	0	0	1	0
0.42	20	0.05	621	500	0	500	0	0	1	0
0.42	20	0.05	622	500	0	500	0	0	1	0
0.42	20	0.05	623	500	0	500	0	0	1	0
0.42	20	0.05	624	500	0	500	0	0	1	0
0.42	20	0.05	625	500	0	500	0	0	1	0
0.42	20	0.05	626	500	0	500	0	0	1	0
0.42	20	0.05	627	500	0	500	0	0	1	0
0.42	20	0.05	628	500	0	500	0	0	1	0
0.42	20	0.05	629	500	0	500	0	0	1	0
0.42	20	0.05	630	500	0	500	0	0	1	0
0.42	20	0.05	631	500	0	500	0	0	1	0
0.42	20	0.05	632	500	0	500	0	0	1	0
0.42	20	0.05	633	500	0	500	0	0	1	0
0.42	20	0.05	634	500	0	500	0	0	1	0
0.42	20	0.05	635	500	0	500	0	0	1	0
0.42	20	0.05	636	500	0	500	0	0	1	0
0.42	20	0.05	637	500	0	500	0	0	1	0
0.42	20	0.05	638	500	0	500	0	0	1	0
0.42	20	0.05	639	500	0	500	0	0	1	0
0.42	20	0.05	640	500	0	500	0	0	1	0
0.42	20	0.05	641	500	0	500	0	0	1	0
0.42	20	0.05	642	500	0	500	0	0	1	0
0.42	20	0.05	643	500	0	500	0	0	1	0
0.42	20	0.05	644	500	0	500	0	0	1	0
0.42	20	0.05	645	500	0	500	0	0	1	0
0.42	20	0.05	646	500	0	500	0	0	1	0
0.42	20	0.05	647	500	0	500	0	0	1	0
0.42	20	0.05	648	500	0	500	0	0	1	0
0.42	20	0.05	649	500	0	500	0	0	1	0
0.42	20	0.05	650	500	0	500	0	0	1	0
0.42	20	0.05	651	500	0	500	0	0	1	0
0.42	20	0.05	652	500	0	500	0	0	1	0
0.42	20	0.05	653	500	0	500	0	0	1	0
0.42	20	0.05	654	500	0	500	0	0	1	0
0.42	20	0.05	655	500	0	500	0	0	1	0
0.42	20	0.05	656	500	0	500	0	0	1	0
0.42	20	0.05	657	500	0	500	0	0	1	0
0.42	20	0.05	658	500	0	500	0	0	1	0
0.42	20	0.05	659	500	0	500	0	0	1	0
0.42	20	0.05	660	500	0	500	0	0	1	0
0.42	20	0.05	661	500	0	500	0	0	1	0
0.42	20	0.05	662	500	0	500	0	0	1	0
0.42	20	0.05	663	500	0	500	0	0	1	0
0.42	20	0.05	664	500	0	500	0	0	1	0
0.42	20	0.05	665	500	0	500	0	0	1	0
0.42	20	0.05	666	500	0	500	0	0	1	0
0.42	20	0.05	667	500	0	500	0	0	1	0
0.42	20	0.05	668	500	0	500	0	0	1	0
0.42	20	0.05	669	500	0	500	0	0	1	0
0.42	20	0.05	670	500	0	500	0	0	1	0
0.42	20	0.05	671	500	0	500	0	0	1	0
0.42	20	0.05	672	500	0	500	0	0	1	0
0.42	20	0.05	673	500	0	500	0	0	1	0
0.42	20	0.05	674	500	0	500	0	0	1	0
0.42	20	0.05	675	500	0	500	0	0	1	0
0.42	20	0.05	676	500	0	500	0	0	1	0
0.42	20	0.05	677	500	0	500	0	0	1	0
0.42	20	0.05	678	500	0	500	0	0	1	0
0.42	20	0.05	679	500	0	500	0	0	1	0
0.42	20	0.05	680	500	0	500	0	0	1	0
0.42	20	0.05	681	500	0	500	0	0	1	0
0.42	20	0.05	682	500	0	500	0	0	1	0
0.42	20	0.05	683	500	0	500	0	0	1	0
0.42	20	0.05	684	500	0	500	0	0	1	0
0.42	20	0.05	685	500	0	500	0	0	1	0
0.42	20	0.05	686	500	0	500	0	0	1	0
0.42	20	0.05	687	500	0	500	0	0	1	0
0.42	20	0.05	688	500	0	500	0	0	1	0
0.42	20	0.05	689	500	0	500	0	0	1	0
0.42	20	0.05	690	500	0	500	0	0	1	0
0.42	20	0.05	691	500	0	500	0	0	1	0
0.42	20	0.05	692	500	0	500	0	0	1	0
0.42	20	0.05	693	500	0	500	0	0	1	0
0.42	20	0.05	694	500	0	500	0	0	1	0
0.42	20	0.05	695	500	0	500	0	0	1	0
0.42	20	0.05	696	500	0	500	0	0	1	0
0.42	20	0.05	697	500	0	500	0	0	1	0
0.42	20	0.05	698	500	0	500	0	0	1	0
0.42	20	0.05	699	500	0	500	0	0	1	0
0.42	20	0.05	700	500	0	500	0	0	1	0
0.42	20	0.05	701	500	0	500	0	0	1	0
0.42	20	0.05	702	500	0	500	0	0	1	0
0.42	20	0.05	703	500	0	500	0	0	1	0
0.42	20	0.05	704	500	0	500	0	0	1	0
0.42	20	0.05	705	500	0	500	0	0	1	0
0.42	20	0.05	706	500	0	500	0	0	1	0
0.42	20	0.05	707	500	0	500	0	0	1	0
0.42	20	0.05	708	500	0	500	0	0	1	0
0.42	20	0.05	709	500	0	500	0	0	1	0
0.42	20	0.05	710	500	0	500	0	0	1	0
0.42	20	0.05	711	500	0	500	0	0	1	0
0.42	20	0.05	712	500	0	500	0	0	1	0
0.42	20	0.05	713	500	0	500	0	0	1	0
0.42	20	0.05	714	500	0	500	0	0	1	0
0.42	20	0.05	715	500	0	500	0	0	1	0
0.42	20	0.05	716	500	0	500	0	0	1	0
0.42	20	0.05	717	500	0	500	0	0	1	0
0.42	20	0.05	718	500	0	500	0	0	1	0
0.42	20	0.05	719	500	0	500	0	0	1	0
0.42	20	0.05	720	500	0	500	0	0	1	0
0.42	20	0.05	721	500	0	500	0	0	1	0
0.42	20	0.05	722	500	0	500	0	0	1	0
0.42	20	0.05	723	500	0	500	0	0	1	0
0.42	20	0.05	724	500	0	500	0	0	1	0
0.42	20	0.05	725	500	0	500	0	0	1	0
0.42	20	0.05	726	500	0	500	0	0	1	0
0.42	20	0.05	727	500	0	500	0	0	1	0
0.42	20	0.05	728	500	0	500	0	0	1	0
0.42	20	0.05	729	500	0	500	0	0	1	0
0.42	20	0.05	730	500	0	500	0	0	1	0
0.42	20	0.05	731	500	0	500	0	0	1	0
0.42	20	0.05	732	500	0	500	0	0	1	0
0.42	20	0.05	733	500	0	500	0	0	1	0
0.42	20	0.05	734	500	0	500	0	0	1	0
0.42	20	0.05	735	500	0	500	0	0	1	0
0.42	20	0.05	736	500	0	500	0	0	1	0
0.42	20	0.05	737	500	0	500	0	0	1	0
0.42	20	0.05	738	500	0	500	0	0	1	0
0.42	20	0.05	739	500	0	500	0	0	1	0
0.42	20	0.05	740	500	0	500	0	0	1	0
0.42	20	0.05	741	500	0	500	0	0	1	0
0.42	20	0.05	742	500	0	500	0	0	1	0
0.42	20	0.05	743	500	0	500	0	0	1	0
0.42	20	0.05	744	500	0	500	0	0	1	0
0.42	20	0.05	745	500	0	500	0	0	1	0
0.42	20	0.05	746	500	0	500	0	0	1	0
0.42	20	0.05	747	500	0	500	0	0	1	0
0.42	20	0.05	748	500	0	500	0	0	1	0
0.42	20	0.05	749	500	0	500	0	0	1	0
0.42	20	0.05	750	500	0	500	0	0	1	0
0.42	20	0.05	751	500	0	500	0	0	1	0
0.42	20	0.05	752	500	0	500	0	0	1	0
0.42	20	0.05	753	500	0	500	0	0	1	0
0.42	20	0.05	754	500	0	500	0	0	1	0
0.42	20	0.05	755	500	0	500	0	0	1	0
0.42	20	0.05	756	500	0	500	0	0	1	0
0.42	20	0.05	757	500	0	500	0	0	1	0
0.42	20	0.05	758	500	0	500	0	0	1	0
0.42	20	0.05	759	500	0	500	0	0	1	0
0.42	20	0.05	760	500	0	500	0	0	1	0
0.42	20	0.05	761	500	0	500	0	0	1	0
0.42	20	0.05	762	500	0	500	0	0	1	0
0.42	20	0.05	763	500	0	500	0	0	1	0
0.42	20	0.05	764	500	0	500	0	0	1	0
0.42	20	0.05	765	500	0	500	0	0	1	0
0.42	20	0.05	766	500	0	500	0	0	1	0
0.42	20	0.05	767	500	0	500	0	0	1	0
0.42	20	0.05	768	500	0	500	0	0	1	0
0.42	20	0.05	769	500	0	500	0	0	1	0
0.42	20	0.05	770	500	0	500	0	0	1	0
0.42	20	0.05	771	500	0	500	0	0	1	0
0.42	20	0.05	772	500	0	500	0	0	1	0
0.42	20	0.05	773	500	0	500	0	0	1	0
0.42	20	0.05	774	500	0	500	0	0	1	0
0.42	20	0.05	775	500	0	500	0	0	1	0
0.42	20	0.05	776	500	0	500	0	0	1	0
0.42	20	0.05	777	500	0	500	0	0	1	0
0.42	20	0.05	778	500	0	500	0	0	1	0
0.42	20	0.05	779	500	0	500	0	0	1	0
0.42	20	0.05	780	500	0	500	0	0	1	0
0.42	20	0.05	781	500	0	500	0	0	1	0
0.42	20	0.05	782	500	0	500	0	0	1	0
0.42	20	0.05	783	500	0	500	0	0	1	0
0.42	20	0.05	784	500	0	500	0	0	1	0
0.42	20	0.05	785	500	0	500	0	0	1	0
0.42	20	0.05	786	500	0	500	0	0	1	0
0.42	20	0.05	787	500	0	500	0	0	1	0
0.42	20	0.05	788	500	0	500	0	0	1	0
0.42	20	0.05	789	500	0	500	0	0	1	0
0.42	20	0.05	790	500	0	500	0	0	1	0
0.42	20	0.05	791	500	0	500	0	0	1	0
0.42	20	0.05	792	500	0	500	0	0	1	0
0.42	20	0.05	793	500	0	500	0	0	1	0
0.42	20	0.05	794	500	0	500	0	0	1	0
0.42	20	0.05	795	500	0	500	0	0	1	0
0.42	20	0.05	796	500	0	500	0	0	1	0
0.42	20	0.05	797	500	0	500	0	0	1	0
0.42	20	0.05	798	500	0	500	0	0	1	0
0.42	20	0.05	799	500	0	500	0	0	1	0
0.42	20	0.05	800	500	0	500	0	0	1	0
0.42	20	0.05	801	500	0	500	0	0	1	0
0.42	20	0.05	802	500	0	500	0	0	1	0
0.42	20	0.05	803	500	0	500	0	0	1	0
0.42	20	0.05	804	500	0	500	0	0	1	0
0.42	20	0.05	805	500	0	500	0	0	1	0
0.42	20	0.05	806	500	0	500	0	0	1	0
0.42	20	0.05	807	500	0	500	0	0	1	0
0.42	20	0.05	808	500	0	500	0	0	1	0
0.42	20	0.05	809	500	0	500	0	0	1	0
0.42	20	0.05	810	500	0	500	0	0	1	0
0.42	20	0.05	811	500	0	500	0	0	1	0
0.42	20	0.05	812	500	0	500	0	0	1	0
0.42	20	0.05	813	500	0	500	0	0	1	0
0.42	20	0.05	814	500	0	500	0	0	1	0
0.42	20	0.05	815	500	0	500	0	0	1	0
0.42	20	0.05	816	500	0	500	0	0	1	0
0.42	20	0.05	817	500	0	500	0	0	1	0
0.42	20	0.05	818	500	0	500	0	0	1	0
0.42	20	0.05	819	500	0	500	0	0	1	0
0.42	20	0.05	820	500	0	500	0	0	1	0
0.42	20	0.05	821	500	0	500	0	0	1	0
0.42	20	0.05	822	500	0	500	0	0	1	0
0.42	20	0.05	823	500	0	500	0	0	1	0
0.42	20	0.05	824	500	0	500	0	0	1	0
0.42	20	0.05	825	500	0	500	0	0	1	0
0.42	20	0.05	826	500	0	500	0	0	1	0
0.42	20	0.05	827	500	0	500	0	0	1	0
0.42	20	0.05	828	500	0	500	0	0	1	0
0.42	20	0.05	829	500	0	500	0	0	1	0
0.42	20	0.05	830	500	0	500	0	0	1	0
0.42	20	0.05	831	500	0	500	0	0	1	0
0.42	20	0.05	832	500	0	500	0	0	1	0
0.42	20	0.05	833	500	0	500	0	0	1	0
0.42	20	0.05	834	500	0	500	0	0	1	0
0.42	20	0.05	835	500	0	500	0	0	1	0
0.42	20	0.05	836	500	0	500	0	0	1	0
0.42	20	0.05	837	500	0	500	0	0	1	0
0.42	20	0.05	838	500	0	500	0	0	1	0
0.42	20	0.05	839	500	0	500	0	0	1	0
0.42	20	0.05	840	500	0	500	0	0	1	0
0.42	20	0.05	841	500	0	500	0	0	1	0
0.42	20	0.05	842	500	0	500	0	0	1	0
0.42	20	0.05	843	500	0	500	0	0	1	0
0.42	20	0.05	844	500	0	500	0	0	1	0
0.42	20	0.05	845	500	0	500	0	0	1	0
0.42	20	0.05	846	500	0	500	0	0	1	0
0.42	20	0.05	847	500	0	500	0	0	1	0
0.42	20	0.05	848	500	0	500	0	0	1	0
0.42	20	0.05	849	500	0	500	0	0	1	0
0.42	20	0.05	850	500	0	500	0	0	1	0
0.42	20	0.05	851	500	0	500	0	0	1	0
0.42	20	0.05	852	500	0	500	0	0	1	0
0.42	20	0.05	853	500	0	500	0	0	1	0
0.42	20	0.05	854	500	0	500	0	0	1	0
0.42	20	0.05	855	500	0	500	0	0	1	0
0.42	20	0.05	856	500	0	500	0	0	1	0
0.42	20	0.05	857	500	0	500	0	0	1	0
0.42	20	0.05	858	500	0	500	0	0	1	0
0.42	20	0.05	859	500	0	500	0	0	1	0
0.42	20	0.05	860	500	0	500	0	0	1	0
0.42	20	0.05	861	500	0	500	0	0	1	0
0.42	20	0.05	862	500	0	500	0	0	1	0
0.42	20	0.05	863	500	0	500	0	0	1	0
0.42	20	0.05	864	500	0	500	0	0	1	0
0.42	20	0.05	865	500	0	500	0	0	1	0
0.42	20	0.05	866	500	0	500	0	0	1	0
0.42	20	0.05	867	500	0	500	0	0	1	0
0.42	20	0.05	868	500	0	500	0	0	1	0
0.42	20	0.05	869	500	0	500	0	0	1	0
0.42	20	0.05	870	500	0	500	0	0	1	0
0.42	20	0.05	871	500	0	500	0	0	1	0
0.42	20	0.05	872	500	0	500	0	0	1	0
0.42	20	0.05	873	500	0	500	0	0	1	0
0.42	20	0.05	874	500	0	500	0	0	1	0
0.42	20	0.05	875	500	0	500	0	0	1	0
0.42	20	0.05	876	500	0	500	0	0	1	0
0.42	20	0.05	877	500	0	500	0	0	1	0
0.42	20	0.05	878	500	0	500	0	0	1	0
0.42	20	0.05	879	500	0	500	0	0	1	0
0.42	20	0.05	880	500	0	500	0	0	1	0
0.42	20	0.05	881	500	0	500	0	0	1	0
0.42	20	0.05	882	500	0	500	0	0	1	0
0.42	20	0.05	883	500	0	500	0	0	1	0
0.42	20	0.05	884	500	0	500	0	0	1	0
0.42	20	0.05	885	500	0	500	0	0	1	0
0.42	20	0.05	886	500	0	500	0	0	1	0
0.42	20	0.05	887	500	0	500	0	0	1	0
0.42	20	0.05	888	500	0	500	0	0	1	0
0.42	20	0.05	889	500	0	500	0	0	1	0
0.42	20	0.05	890	500	0	500	0	0	1	0
0.42	20	0.05	891	500	0	500	0	0	1	0
0.42	20	0.05	892	500	0	500	0	0	1	0
0.42	20	0.05	893	500	0	500	0	0	1	0
0.42	20	0.05	894	500	0	500	0	0	1	0
0.42	20	0.05	895	500	0	500	0	0	1	0
0.42	20	0.05	896	500	0	500	0	0	1	0
0.42	20	0.05	897	500	0	500	0	0	1	0
0.42	20	0.05	898	500	0	500	0	0	1	0
0.42	20	0.05	899	500	0	500	0	0	1	0
0.42	20	0.05	900	500	0	500	0	0	1	0
0.42	20	0.05	901	500	0	500	0	0	1	0
0.42	20	0.05	902	500	0	500	0	0	1	0
0.42	20	0.05	903	500	0	500	0	0	1	0
0.42	20	0.05	904	500	0	500	0	0	1	0
0.42	20	0.05	905	500	0	500	0	0	1	0
0.42	20	0.05	906	500	0	500	0	0	1	0
0.42	20	0.05	907	500	0	500	0	0	1	0
0.42	20	0.05	908	500	0	500	0	0	1	0
0.42	20	0.05	909	500	0	500	0	0	1	0
0.42	20	0.05	910	500	0	500	0	0	1	0
0.42	20	0.05	911	500	0	500	0	0	1	0
0.42	20	0.05	912	500	0	500	0	0	1	0
0.42	20	0.05	913	500	0	500	0	0	1	0
0.42	20	0.05	914	500	0	500	0	0	1	0
0.42	20	0.05	915	500	0	500	0	0	1	0
0.42	20	0.05	916	500	0	500	0	0	1	0
0.42	20	0.05	917	500	0	500	0	0	1	0
0.42	20	0.05	918	500	0	500	0	0	1	0
0.42	20	0.05	919	500	0	500	0	0	1	0
0.42	20	0.05	920	500	0	500	0	0	1	0
0.42	20	0.05	921	500	0	500	0	0	1	0
0.42	20	0.05	922	500	0	500	0	0	1	0
0.42	20	0.05	923	500	0	500	0	0	1	0
0.42	20	0.05	924	500	0	500	0	0	1	0
0.42	20	0.05	925	500	0	500	0	0	1	0
0.42	20	0.05	926	500	0	500	0	0	1	0
0.42	20	0.05	927	500	0	500	0	0	1	0
0.42	20	0.05	928	500	0	500	0	0	1	0
0.42	20	0.05	929	500	0	500	0	0	1	0
0.42	20	0.05	930	500	0	500	0	0	1	0
0.42	20	0.05	931	500	0	500	0	0	1	0
0.42	20	0.05	932	500	0	500	0	0	1	0
0.42	20	0.05	933	500	0	500	0	0	1	0
0.42	20	0.05	934	500	0	500	0	0	1	0
0.42	20	0.05	935	500	0	500	0	0	1	0
0.42	20	0.05	936	500	0	500	0	0	1	0
0.42	20	0.05	937	500	0	500	0	0	1	0
0.42	20	0.05	938	500	0	500	0	0	1	0
0.42	20	0.05	939	500	0	500	0	0	1	0
0.42	20	0.05	940	500	0	500	0	0	1	0
0.42	20	0.05	941	500	0	500	0	0	1	0
0.42	20	0.05	942	500	0	500	0	0	1	0
0.42	20	0.05	943	500	0	500	0	0	1	0
0.42	20	0.05	944	500	0	500	0	0	1	0
0.42	20	0.05	945	500	0	500	0	0	1	0
0.42	20	0.05	946	500	0	500	0	0	1	0
0.42	20	0.05	947	500	0	500	0	0	1	0
0.42	20	0.05	948	500	0	500	0	0	1	0
0.42	20	0.05	949	500	0	500	0	0	1	0
0.42	20	0.05	950	500	0	500	0	0	1	0
0.42	20	0.05	951	500	0	500	0	0	1	0
0.42	20	0.05	952	500	0	500	0	0	1	0
0.42	20	0.05	953	500	0	500	0	0	1	0
0.42	20	0.05	954	500	0	500	0	0	1	0
0.42	20	0.05	955	500	0	500	0	0	1	0
0.42	20	0.05	956	500	0	500	0	0	1	0
0.42	20	0.05	957	500	0	500	0	0	1	0
0.42	20	0.05	958	500	0	500	0	0	1	0
0.42	20	0.05	959	500	0	500	0	0	1	0
0.42	20	0.05	960	500	0	500	0	0	1	0
0.42	20	0.05	961	500	0	500	0	0	1	0
0.42	20	0.05	962	500	0	500	0	0	1	0
0.42	20	0.05	963	500	0	500	0	0	1	0
0.42	20	0.05	964	500	0	500	0	0	1	0
0.42	20	0.05	965	500	0	500	0	0	1	0
0.42	20	0.05	966	500	0	500	0	0	1	0
0.42	20	0.05	967	500	0	500	0	0	1	0
0.42	20	0.05	968	500	0	500	0	0	1	0
0.42	20	0.05	969	500	0	500	0	0	1	0
0.42	20	0.05	970	500	0	500	0	0	1	0
0.42	20	0.05	971	500	0	500	0	0	1	0
0.42	20	0.05	972	500	0	500	0	0	1	0
0.42	20	0.05	973	500	0	500	0	0	1	0
0.42	20	0.05	974	500	0	500	0	0	1	0
0.42	20	0.05	975	500	0	500	0	0	1	0
0.42	20	0.05	976	500	0	500	0	0	1	0
0.42	20	0.05	977	500	0	500	0	0	1	0
0.42	20	0.05	978	500	0	500	0	0	1	0
0.42	20	0.05	979	500	0	500	0	0	1	0
0.42	20	0.05	980	500	0	500	0	0	1	0
0.42	20	0.05	981	500	0	500	0	0	1	0
0.42	20	0.05	982	500	0	500	0	0	1	0
0.42	20	0.05	983	500	0	500	0	0	1	0
0.42	20	0.05	984	500	0	500	0	0	1	0
0.42	20	0.05	985	500	0	500	0	0	1	0
0.42	20	0.05	986	500	0	500	0	0	1	0
0.42	20	0.05	987	500	0	500	0	0	1	0
0.42	20	0.05	988	500	0	500	0	0	1	0
0.42	20	0.05	989	500	0	500	0	0	1	0
0.42	20	0.05	990	500	0	500	0	0	1	0
0.42	20	0.05	991	500	0	500	0	0	1	0
0.42	20	0.05	992	500	0	500	0	0	1	0
0.42	20	0.05	993	500	0	500	0	0	1	0
0.42	20	0.05	994	500	0	500	0	0	1	0
0.42	20	0.05	995	500	0	500	0	0	1	0
0.42	20	0.05	996	500	0	500	0	0	1	0
0.42	20	0.05	997	500	0	500	0	0	1	0
0.42	20	0.05	998	500	0	500	0	0	1	0
0.42	20	0.05	999	500	0	500	0	0	1	0
0.42	20	0.05	1000	500	0	500	0	0	1	0
