"trueDelta"	"eCrit_upper"	"eCrit_lower"	"n"	"n_reps"	"h1_n"	"h0_n"	"ind_n"	"h1_prob"	"h0_prob"	"ind_prob"
0.5	20	0.05	2	500	0	0	500	0	0	1
0.5	20	0.05	3	500	0	0	500	0	0	1
0.5	20	0.05	4	500	0	0	500	0	0	1
0.5	20	0.05	5	500	0	0	500	0	0	1
0.5	20	0.05	6	500	0	0	500	0	0	1
0.5	20	0.05	7	500	0	0	500	0	0	1
0.5	20	0.05	8	500	0	0	500	0	0	1
0.5	20	0.05	9	500	1	1	498	0.002	0.002	0.996
0.5	20	0.05	10	500	3	2	495	0.006	0.004	0.99
0.5	20	0.05	11	500	7	2	491	0.014	0.004	0.982
0.5	20	0.05	12	500	6	5	489	0.012	0.01	0.978
0.5	20	0.05	13	500	23	1	476	0.046	0.002	0.952
0.5	20	0.05	14	500	24	6	470	0.048	0.012	0.94
0.5	20	0.05	15	500	29	3	468	0.058	0.006	0.936
0.5	20	0.05	16	500	39	5	456	0.078	0.01	0.912
0.5	20	0.05	17	500	42	13	445	0.084	0.026	0.89
0.5	20	0.05	18	500	62	6	432	0.124	0.012	0.864
0.5	20	0.05	19	500	67	7	426	0.134	0.014	0.852
0.5	20	0.05	20	500	69	8	423	0.138	0.016	0.846
0.5	20	0.05	21	500	73	2	425	0.146	0.004	0.85
0.5	20	0.05	22	500	86	5	409	0.172	0.01	0.818
0.5	20	0.05	23	500	99	9	392	0.198	0.018	0.784
0.5	20	0.05	24	500	106	6	388	0.212	0.012	0.776
0.5	20	0.05	25	500	114	3	383	0.228	0.006	0.766
0.5	20	0.05	26	500	110	7	383	0.22	0.014	0.766
0.5	20	0.05	27	500	111	9	380	0.222	0.018	0.76
0.5	20	0.05	28	500	109	14	377	0.218	0.028	0.754
0.5	20	0.05	29	500	147	13	340	0.294	0.026	0.68
0.5	20	0.05	30	500	146	9	345	0.292	0.018	0.69
0.5	20	0.05	31	500	134	11	355	0.268	0.022	0.71
0.5	20	0.05	32	500	161	12	327	0.322	0.024	0.654
0.5	20	0.05	33	500	155	15	330	0.31	0.03	0.66
0.5	20	0.05	34	500	139	16	345	0.278	0.032	0.69
0.5	20	0.05	35	500	173	6	321	0.346	0.012	0.642
0.5	20	0.05	36	500	183	9	308	0.366	0.018	0.616
0.5	20	0.05	37	500	197	11	292	0.394	0.022	0.584
0.5	20	0.05	38	500	208	7	285	0.416	0.014	0.57
0.5	20	0.05	39	500	203	14	283	0.406	0.028	0.566
0.5	20	0.05	40	500	186	10	304	0.372	0.02	0.608
0.5	20	0.05	41	500	197	12	291	0.394	0.024	0.582
0.5	20	0.05	42	500	195	10	295	0.39	0.02	0.59
0.5	20	0.05	43	500	208	7	285	0.416	0.014	0.57
0.5	20	0.05	44	500	216	16	268	0.432	0.032	0.536
0.5	20	0.05	45	500	222	7	271	0.444	0.014	0.542
0.5	20	0.05	46	500	226	14	260	0.452	0.028	0.52
0.5	20	0.05	47	500	234	11	255	0.468	0.022	0.51
0.5	20	0.05	48	500	240	12	248	0.48	0.024	0.496
0.5	20	0.05	49	500	249	10	241	0.498	0.02	0.482
0.5	20	0.05	50	500	248	12	240	0.496	0.024	0.48
0.5	20	0.05	51	500	249	9	242	0.498	0.018	0.484
0.5	20	0.05	52	500	257	11	232	0.514	0.022	0.464
0.5	20	0.05	53	500	239	17	244	0.478	0.034	0.488
0.5	20	0.05	54	500	249	11	240	0.498	0.022	0.48
0.5	20	0.05	55	500	265	8	227	0.53	0.016	0.454
0.5	20	0.05	56	500	268	9	223	0.536	0.018	0.446
0.5	20	0.05	57	500	245	12	243	0.49	0.024	0.486
0.5	20	0.05	58	500	259	14	227	0.518	0.028	0.454
0.5	20	0.05	59	500	276	11	213	0.552	0.022	0.426
0.5	20	0.05	60	500	292	9	199	0.584	0.018	0.398
0.5	20	0.05	61	500	291	4	205	0.582	0.008	0.41
0.5	20	0.05	62	500	308	7	185	0.616	0.014	0.37
0.5	20	0.05	63	500	275	11	214	0.55	0.022	0.428
0.5	20	0.05	64	500	271	11	218	0.542	0.022	0.436
0.5	20	0.05	65	500	281	17	202	0.562	0.034	0.404
0.5	20	0.05	66	500	295	12	193	0.59	0.024	0.386
0.5	20	0.05	67	500	301	8	191	0.602	0.016	0.382
0.5	20	0.05	68	500	316	6	178	0.632	0.012	0.356
0.5	20	0.05	69	500	307	9	184	0.614	0.018	0.368
0.5	20	0.05	70	500	294	11	195	0.588	0.022	0.39
0.5	20	0.05	71	500	302	8	190	0.604	0.016	0.38
0.5	20	0.05	72	500	295	11	194	0.59	0.022	0.388
0.5	20	0.05	73	500	294	16	190	0.588	0.032	0.38
0.5	20	0.05	74	500	336	10	154	0.672	0.02	0.308
0.5	20	0.05	75	500	334	14	152	0.668	0.028	0.304
0.5	20	0.05	76	500	338	6	156	0.676	0.012	0.312
0.5	20	0.05	77	500	340	6	154	0.68	0.012	0.308
0.5	20	0.05	78	500	316	8	176	0.632	0.016	0.352
0.5	20	0.05	79	500	343	11	146	0.686	0.022	0.292
0.5	20	0.05	80	500	333	10	157	0.666	0.02	0.314
0.5	20	0.05	81	500	356	9	135	0.712	0.018	0.27
0.5	20	0.05	82	500	352	10	138	0.704	0.02	0.276
0.5	20	0.05	83	500	345	8	147	0.69	0.016	0.294
0.5	20	0.05	84	500	346	6	148	0.692	0.012	0.296
0.5	20	0.05	85	500	352	10	138	0.704	0.02	0.276
0.5	20	0.05	86	500	362	9	129	0.724	0.018	0.258
0.5	20	0.05	87	500	354	8	138	0.708	0.016	0.276
0.5	20	0.05	88	500	358	11	131	0.716	0.022	0.262
0.5	20	0.05	89	500	352	10	138	0.704	0.02	0.276
0.5	20	0.05	90	500	355	7	138	0.71	0.014	0.276
0.5	20	0.05	91	500	346	8	146	0.692	0.016	0.292
0.5	20	0.05	92	500	361	13	126	0.722	0.026	0.252
0.5	20	0.05	93	500	365	12	123	0.73	0.024	0.246
0.5	20	0.05	94	500	383	9	108	0.766	0.018	0.216
0.5	20	0.05	95	500	369	9	122	0.738	0.018	0.244
0.5	20	0.05	96	500	353	9	138	0.706	0.018	0.276
0.5	20	0.05	97	500	383	8	109	0.766	0.016	0.218
0.5	20	0.05	98	500	367	10	123	0.734	0.02	0.246
0.5	20	0.05	99	500	378	1	121	0.756	0.002	0.242
0.5	20	0.05	100	500	371	5	124	0.742	0.01	0.248
0.5	20	0.05	101	500	379	14	107	0.758	0.028	0.214
0.5	20	0.05	102	500	387	4	109	0.774	0.008	0.218
0.5	20	0.05	103	500	370	12	118	0.74	0.024	0.236
0.5	20	0.05	104	500	390	10	100	0.78	0.02	0.2
0.5	20	0.05	105	500	377	14	109	0.754	0.028	0.218
0.5	20	0.05	106	500	380	8	112	0.76	0.016	0.224
0.5	20	0.05	107	500	376	8	116	0.752	0.016	0.232
0.5	20	0.05	108	500	395	11	94	0.79	0.022	0.188
0.5	20	0.05	109	500	418	5	77	0.836	0.01	0.154
0.5	20	0.05	110	500	399	8	93	0.798	0.016	0.186
0.5	20	0.05	111	500	398	8	94	0.796	0.016	0.188
0.5	20	0.05	112	500	396	3	101	0.792	0.006	0.202
0.5	20	0.05	113	500	384	7	109	0.768	0.014	0.218
0.5	20	0.05	114	500	396	6	98	0.792	0.012	0.196
0.5	20	0.05	115	500	405	4	91	0.81	0.008	0.182
0.5	20	0.05	116	500	408	11	81	0.816	0.022	0.162
0.5	20	0.05	117	500	403	14	83	0.806	0.028	0.166
0.5	20	0.05	118	500	411	5	84	0.822	0.01	0.168
0.5	20	0.05	119	500	394	7	99	0.788	0.014	0.198
0.5	20	0.05	120	500	418	8	74	0.836	0.016	0.148
0.5	20	0.05	121	500	421	5	74	0.842	0.01	0.148
0.5	20	0.05	122	500	408	6	86	0.816	0.012	0.172
0.5	20	0.05	123	500	404	10	86	0.808	0.02	0.172
0.5	20	0.05	124	500	410	8	82	0.82	0.016	0.164
0.5	20	0.05	125	500	422	2	76	0.844	0.004	0.152
0.5	20	0.05	126	500	411	9	80	0.822	0.018	0.16
0.5	20	0.05	127	500	414	11	75	0.828	0.022	0.15
0.5	20	0.05	128	500	419	6	75	0.838	0.012	0.15
0.5	20	0.05	129	500	405	6	89	0.81	0.012	0.178
0.5	20	0.05	130	500	424	8	68	0.848	0.016	0.136
0.5	20	0.05	131	500	416	8	76	0.832	0.016	0.152
0.5	20	0.05	132	500	421	4	75	0.842	0.008	0.15
0.5	20	0.05	133	500	414	2	84	0.828	0.004	0.168
0.5	20	0.05	134	500	412	4	84	0.824	0.008	0.168
0.5	20	0.05	135	500	428	5	67	0.856	0.01	0.134
0.5	20	0.05	136	500	422	8	70	0.844	0.016	0.14
0.5	20	0.05	137	500	430	6	64	0.86	0.012	0.128
0.5	20	0.05	138	500	432	5	63	0.864	0.01	0.126
0.5	20	0.05	139	500	424	7	69	0.848	0.014	0.138
0.5	20	0.05	140	500	422	9	69	0.844	0.018	0.138
0.5	20	0.05	141	500	426	7	67	0.852	0.014	0.134
0.5	20	0.05	142	500	429	8	63	0.858	0.016	0.126
0.5	20	0.05	143	500	424	6	70	0.848	0.012	0.14
0.5	20	0.05	144	500	433	9	58	0.866	0.018	0.116
0.5	20	0.05	145	500	428	3	69	0.856	0.006	0.138
0.5	20	0.05	146	500	431	7	62	0.862	0.014	0.124
0.5	20	0.05	147	500	440	8	52	0.88	0.016	0.104
0.5	20	0.05	148	500	418	10	72	0.836	0.02	0.144
0.5	20	0.05	149	500	428	7	65	0.856	0.014	0.13
0.5	20	0.05	150	500	438	4	58	0.876	0.008	0.116
0.5	20	0.05	151	500	436	6	58	0.872	0.012	0.116
0.5	20	0.05	152	500	432	6	62	0.864	0.012	0.124
0.5	20	0.05	153	500	428	4	68	0.856	0.008	0.136
0.5	20	0.05	154	500	447	6	47	0.894	0.012	0.094
0.5	20	0.05	155	500	431	5	64	0.862	0.01	0.128
0.5	20	0.05	156	500	451	7	42	0.902	0.014	0.084
0.5	20	0.05	157	500	444	5	51	0.888	0.01	0.102
0.5	20	0.05	158	500	442	8	50	0.884	0.016	0.1
0.5	20	0.05	159	500	431	9	60	0.862	0.018	0.12
0.5	20	0.05	160	500	441	5	54	0.882	0.01	0.108
0.5	20	0.05	161	500	449	2	49	0.898	0.004	0.098
0.5	20	0.05	162	500	446	8	46	0.892	0.016	0.092
0.5	20	0.05	163	500	449	5	46	0.898	0.01	0.092
0.5	20	0.05	164	500	428	9	63	0.856	0.018	0.126
0.5	20	0.05	165	500	442	2	56	0.884	0.004	0.112
0.5	20	0.05	166	500	447	5	48	0.894	0.01	0.096
0.5	20	0.05	167	500	453	5	42	0.906	0.01	0.084
0.5	20	0.05	168	500	443	6	51	0.886	0.012	0.102
0.5	20	0.05	169	500	450	3	47	0.9	0.006	0.094
0.5	20	0.05	170	500	440	7	53	0.88	0.014	0.106
0.5	20	0.05	171	500	447	10	43	0.894	0.02	0.086
0.5	20	0.05	172	500	464	1	35	0.928	0.002	0.07
0.5	20	0.05	173	500	440	6	54	0.88	0.012	0.108
0.5	20	0.05	174	500	456	7	37	0.912	0.014	0.074
0.5	20	0.05	175	500	450	7	43	0.9	0.014	0.086
0.5	20	0.05	176	500	458	3	39	0.916	0.006	0.078
0.5	20	0.05	177	500	458	6	36	0.916	0.012	0.072
0.5	20	0.05	178	500	459	3	38	0.918	0.006	0.076
0.5	20	0.05	179	500	451	4	45	0.902	0.008	0.09
0.5	20	0.05	180	500	460	6	34	0.92	0.012	0.068
0.5	20	0.05	181	500	460	6	34	0.92	0.012	0.068
0.5	20	0.05	182	500	462	2	36	0.924	0.004	0.072
0.5	20	0.05	183	500	450	3	47	0.9	0.006	0.094
0.5	20	0.05	184	500	458	4	38	0.916	0.008	0.076
0.5	20	0.05	185	500	446	3	51	0.892	0.006	0.102
0.5	20	0.05	186	500	450	3	47	0.9	0.006	0.094
0.5	20	0.05	187	500	452	5	43	0.904	0.01	0.086
0.5	20	0.05	188	500	464	3	33	0.928	0.006	0.066
0.5	20	0.05	189	500	452	5	43	0.904	0.01	0.086
0.5	20	0.05	190	500	463	4	33	0.926	0.008	0.066
0.5	20	0.05	191	500	454	1	45	0.908	0.002	0.09
0.5	20	0.05	192	500	468	4	28	0.936	0.008	0.056
0.5	20	0.05	193	500	455	6	39	0.91	0.012	0.078
0.5	20	0.05	194	500	468	6	26	0.936	0.012	0.052
0.5	20	0.05	195	500	452	5	43	0.904	0.01	0.086
0.5	20	0.05	196	500	458	4	38	0.916	0.008	0.076
0.5	20	0.05	197	500	466	4	30	0.932	0.008	0.06
0.5	20	0.05	198	500	464	4	32	0.928	0.008	0.064
0.5	20	0.05	199	500	471	3	26	0.942	0.006	0.052
0.5	20	0.05	200	500	473	5	22	0.946	0.01	0.044
0.5	20	0.05	201	500	472	2	26	0.944	0.004	0.052
0.5	20	0.05	202	500	464	5	31	0.928	0.01	0.062
0.5	20	0.05	203	500	457	4	39	0.914	0.008	0.078
0.5	20	0.05	204	500	470	1	29	0.94	0.002	0.058
0.5	20	0.05	205	500	469	2	29	0.938	0.004	0.058
0.5	20	0.05	206	500	464	4	32	0.928	0.008	0.064
0.5	20	0.05	207	500	460	2	38	0.92	0.004	0.076
0.5	20	0.05	208	500	468	1	31	0.936	0.002	0.062
0.5	20	0.05	209	500	473	2	25	0.946	0.004	0.05
0.5	20	0.05	210	500	468	3	29	0.936	0.006	0.058
0.5	20	0.05	211	500	458	4	38	0.916	0.008	0.076
0.5	20	0.05	212	500	471	1	28	0.942	0.002	0.056
0.5	20	0.05	213	500	463	2	35	0.926	0.004	0.07
0.5	20	0.05	214	500	475	1	24	0.95	0.002	0.048
0.5	20	0.05	215	500	468	6	26	0.936	0.012	0.052
0.5	20	0.05	216	500	475	2	23	0.95	0.004	0.046
0.5	20	0.05	217	500	471	4	25	0.942	0.008	0.05
0.5	20	0.05	218	500	468	2	30	0.936	0.004	0.06
0.5	20	0.05	219	500	475	3	22	0.95	0.006	0.044
0.5	20	0.05	220	500	478	3	19	0.956	0.006	0.038
0.5	20	0.05	221	500	473	6	21	0.946	0.012	0.042
0.5	20	0.05	222	500	473	2	25	0.946	0.004	0.05
0.5	20	0.05	223	500	478	1	21	0.956	0.002	0.042
0.5	20	0.05	224	500	471	3	26	0.942	0.006	0.052
0.5	20	0.05	225	500	480	3	17	0.96	0.006	0.034
0.5	20	0.05	226	500	477	0	23	0.954	0	0.046
0.5	20	0.05	227	500	473	2	25	0.946	0.004	0.05
0.5	20	0.05	228	500	472	4	24	0.944	0.008	0.048
0.5	20	0.05	229	500	473	3	24	0.946	0.006	0.048
0.5	20	0.05	230	500	476	2	22	0.952	0.004	0.044
0.5	20	0.05	231	500	484	1	15	0.968	0.002	0.03
0.5	20	0.05	232	500	473	4	23	0.946	0.008	0.046
0.5	20	0.05	233	500	474	6	20	0.948	0.012	0.04
0.5	20	0.05	234	500	473	2	25	0.946	0.004	0.05
0.5	20	0.05	235	500	467	6	27	0.934	0.012	0.054
0.5	20	0.05	236	500	480	3	17	0.96	0.006	0.034
0.5	20	0.05	237	500	474	0	26	0.948	0	0.052
0.5	20	0.05	238	500	479	4	17	0.958	0.008	0.034
0.5	20	0.05	239	500	477	2	21	0.954	0.004	0.042
0.5	20	0.05	240	500	484	4	12	0.968	0.008	0.024
0.5	20	0.05	241	500	476	1	23	0.952	0.002	0.046
0.5	20	0.05	242	500	480	1	19	0.96	0.002	0.038
0.5	20	0.05	243	500	484	0	16	0.968	0	0.032
0.5	20	0.05	244	500	473	4	23	0.946	0.008	0.046
0.5	20	0.05	245	500	479	1	20	0.958	0.002	0.04
0.5	20	0.05	246	500	462	4	34	0.924	0.008	0.068
0.5	20	0.05	247	500	480	2	18	0.96	0.004	0.036
0.5	20	0.05	248	500	482	0	18	0.964	0	0.036
0.5	20	0.05	249	500	474	3	23	0.948	0.006	0.046
0.5	20	0.05	250	500	474	2	24	0.948	0.004	0.048
0.5	20	0.05	251	500	483	3	14	0.966	0.006	0.028
0.5	20	0.05	252	500	489	1	10	0.978	0.002	0.02
0.5	20	0.05	253	500	489	0	11	0.978	0	0.022
0.5	20	0.05	254	500	482	5	13	0.964	0.01	0.026
0.5	20	0.05	255	500	484	3	13	0.968	0.006	0.026
0.5	20	0.05	256	500	470	3	27	0.94	0.006	0.054
0.5	20	0.05	257	500	488	1	11	0.976	0.002	0.022
0.5	20	0.05	258	500	482	1	17	0.964	0.002	0.034
0.5	20	0.05	259	500	478	4	18	0.956	0.008	0.036
0.5	20	0.05	260	500	489	1	10	0.978	0.002	0.02
0.5	20	0.05	261	500	479	4	17	0.958	0.008	0.034
0.5	20	0.05	262	500	483	3	14	0.966	0.006	0.028
0.5	20	0.05	263	500	480	1	19	0.96	0.002	0.038
0.5	20	0.05	264	500	486	1	13	0.972	0.002	0.026
0.5	20	0.05	265	500	477	1	22	0.954	0.002	0.044
0.5	20	0.05	266	500	487	0	13	0.974	0	0.026
0.5	20	0.05	267	500	484	1	15	0.968	0.002	0.03
0.5	20	0.05	268	500	482	2	16	0.964	0.004	0.032
0.5	20	0.05	269	500	486	0	14	0.972	0	0.028
0.5	20	0.05	270	500	475	3	22	0.95	0.006	0.044
0.5	20	0.05	271	500	482	4	14	0.964	0.008	0.028
0.5	20	0.05	272	500	484	1	15	0.968	0.002	0.03
0.5	20	0.05	273	500	481	0	19	0.962	0	0.038
0.5	20	0.05	274	500	486	3	11	0.972	0.006	0.022
0.5	20	0.05	275	500	487	2	11	0.974	0.004	0.022
0.5	20	0.05	276	500	489	1	10	0.978	0.002	0.02
0.5	20	0.05	277	500	493	0	7	0.986	0	0.014
0.5	20	0.05	278	500	479	2	19	0.958	0.004	0.038
0.5	20	0.05	279	500	480	2	18	0.96	0.004	0.036
0.5	20	0.05	280	500	482	1	17	0.964	0.002	0.034
0.5	20	0.05	281	500	493	0	7	0.986	0	0.014
0.5	20	0.05	282	500	488	2	10	0.976	0.004	0.02
0.5	20	0.05	283	500	492	1	7	0.984	0.002	0.014
0.5	20	0.05	284	500	485	1	14	0.97	0.002	0.028
0.5	20	0.05	285	500	490	1	9	0.98	0.002	0.018
0.5	20	0.05	286	500	487	1	12	0.974	0.002	0.024
0.5	20	0.05	287	500	486	1	13	0.972	0.002	0.026
0.5	20	0.05	288	500	489	0	11	0.978	0	0.022
0.5	20	0.05	289	500	483	1	16	0.966	0.002	0.032
0.5	20	0.05	290	500	489	2	9	0.978	0.004	0.018
0.5	20	0.05	291	500	486	2	12	0.972	0.004	0.024
0.5	20	0.05	292	500	488	1	11	0.976	0.002	0.022
0.5	20	0.05	293	500	480	1	19	0.96	0.002	0.038
0.5	20	0.05	294	500	491	1	8	0.982	0.002	0.016
0.5	20	0.05	295	500	483	4	13	0.966	0.008	0.026
0.5	20	0.05	296	500	487	0	13	0.974	0	0.026
0.5	20	0.05	297	500	485	3	12	0.97	0.006	0.024
0.5	20	0.05	298	500	487	1	12	0.974	0.002	0.024
0.5	20	0.05	299	500	483	5	12	0.966	0.01	0.024
0.5	20	0.05	300	500	492	2	6	0.984	0.004	0.012
0.5	20	0.05	301	500	487	2	11	0.974	0.004	0.022
0.5	20	0.05	302	500	489	0	11	0.978	0	0.022
0.5	20	0.05	303	500	493	0	7	0.986	0	0.014
0.5	20	0.05	304	500	496	0	4	0.992	0	0.008
0.5	20	0.05	305	500	492	0	8	0.984	0	0.016
0.5	20	0.05	306	500	490	0	10	0.98	0	0.02
0.5	20	0.05	307	500	492	1	7	0.984	0.002	0.014
0.5	20	0.05	308	500	489	1	10	0.978	0.002	0.02
0.5	20	0.05	309	500	489	0	11	0.978	0	0.022
0.5	20	0.05	310	500	489	2	9	0.978	0.004	0.018
0.5	20	0.05	311	500	493	3	4	0.986	0.006	0.008
0.5	20	0.05	312	500	490	1	9	0.98	0.002	0.018
0.5	20	0.05	313	500	487	2	11	0.974	0.004	0.022
0.5	20	0.05	314	500	491	1	8	0.982	0.002	0.016
0.5	20	0.05	315	500	497	0	3	0.994	0	0.006
0.5	20	0.05	316	500	492	1	7	0.984	0.002	0.014
0.5	20	0.05	317	500	492	0	8	0.984	0	0.016
0.5	20	0.05	318	500	490	2	8	0.98	0.004	0.016
0.5	20	0.05	319	500	492	2	6	0.984	0.004	0.012
0.5	20	0.05	320	500	491	0	9	0.982	0	0.018
0.5	20	0.05	321	500	488	0	12	0.976	0	0.024
0.5	20	0.05	322	500	490	0	10	0.98	0	0.02
0.5	20	0.05	323	500	489	0	11	0.978	0	0.022
0.5	20	0.05	324	500	495	0	5	0.99	0	0.01
0.5	20	0.05	325	500	491	1	8	0.982	0.002	0.016
0.5	20	0.05	326	500	492	0	8	0.984	0	0.016
0.5	20	0.05	327	500	497	0	3	0.994	0	0.006
0.5	20	0.05	328	500	493	1	6	0.986	0.002	0.012
0.5	20	0.05	329	500	488	3	9	0.976	0.006	0.018
0.5	20	0.05	330	500	487	4	9	0.974	0.008	0.018
0.5	20	0.05	331	500	494	0	6	0.988	0	0.012
0.5	20	0.05	332	500	488	1	11	0.976	0.002	0.022
0.5	20	0.05	333	500	497	0	3	0.994	0	0.006
0.5	20	0.05	334	500	494	1	5	0.988	0.002	0.01
0.5	20	0.05	335	500	494	0	6	0.988	0	0.012
0.5	20	0.05	336	500	496	2	2	0.992	0.004	0.004
0.5	20	0.05	337	500	493	1	6	0.986	0.002	0.012
0.5	20	0.05	338	500	490	1	9	0.98	0.002	0.018
0.5	20	0.05	339	500	491	0	9	0.982	0	0.018
0.5	20	0.05	340	500	496	0	4	0.992	0	0.008
0.5	20	0.05	341	500	490	1	9	0.98	0.002	0.018
0.5	20	0.05	342	500	494	1	5	0.988	0.002	0.01
0.5	20	0.05	343	500	496	1	3	0.992	0.002	0.006
0.5	20	0.05	344	500	492	0	8	0.984	0	0.016
0.5	20	0.05	345	500	497	0	3	0.994	0	0.006
0.5	20	0.05	346	500	492	1	7	0.984	0.002	0.014
0.5	20	0.05	347	500	493	1	6	0.986	0.002	0.012
0.5	20	0.05	348	500	498	1	1	0.996	0.002	0.002
0.5	20	0.05	349	500	498	0	2	0.996	0	0.004
0.5	20	0.05	350	500	490	0	10	0.98	0	0.02
0.5	20	0.05	351	500	493	2	5	0.986	0.004	0.01
0.5	20	0.05	352	500	490	1	9	0.98	0.002	0.018
0.5	20	0.05	353	500	493	3	4	0.986	0.006	0.008
0.5	20	0.05	354	500	496	0	4	0.992	0	0.008
0.5	20	0.05	355	500	492	0	8	0.984	0	0.016
0.5	20	0.05	356	500	493	0	7	0.986	0	0.014
0.5	20	0.05	357	500	497	0	3	0.994	0	0.006
0.5	20	0.05	358	500	494	0	6	0.988	0	0.012
0.5	20	0.05	359	500	492	2	6	0.984	0.004	0.012
0.5	20	0.05	360	500	492	2	6	0.984	0.004	0.012
0.5	20	0.05	361	500	497	0	3	0.994	0	0.006
0.5	20	0.05	362	500	488	0	12	0.976	0	0.024
0.5	20	0.05	363	500	498	0	2	0.996	0	0.004
0.5	20	0.05	364	500	494	1	5	0.988	0.002	0.01
0.5	20	0.05	365	500	492	1	7	0.984	0.002	0.014
0.5	20	0.05	366	500	495	1	4	0.99	0.002	0.008
0.5	20	0.05	367	500	494	1	5	0.988	0.002	0.01
0.5	20	0.05	368	500	497	0	3	0.994	0	0.006
0.5	20	0.05	369	500	495	0	5	0.99	0	0.01
0.5	20	0.05	370	500	495	0	5	0.99	0	0.01
0.5	20	0.05	371	500	497	0	3	0.994	0	0.006
0.5	20	0.05	372	500	499	0	1	0.998	0	0.002
0.5	20	0.05	373	500	495	1	4	0.99	0.002	0.008
0.5	20	0.05	374	500	497	0	3	0.994	0	0.006
0.5	20	0.05	375	500	494	1	5	0.988	0.002	0.01
0.5	20	0.05	376	500	496	1	3	0.992	0.002	0.006
0.5	20	0.05	377	500	495	1	4	0.99	0.002	0.008
0.5	20	0.05	378	500	498	1	1	0.996	0.002	0.002
0.5	20	0.05	379	500	497	0	3	0.994	0	0.006
0.5	20	0.05	380	500	497	0	3	0.994	0	0.006
0.5	20	0.05	381	500	497	1	2	0.994	0.002	0.004
0.5	20	0.05	382	500	494	0	6	0.988	0	0.012
0.5	20	0.05	383	500	493	0	7	0.986	0	0.014
0.5	20	0.05	384	500	491	0	9	0.982	0	0.018
0.5	20	0.05	385	500	498	0	2	0.996	0	0.004
0.5	20	0.05	386	500	498	1	1	0.996	0.002	0.002
0.5	20	0.05	387	500	499	0	1	0.998	0	0.002
0.5	20	0.05	388	500	499	0	1	0.998	0	0.002
0.5	20	0.05	389	500	494	2	4	0.988	0.004	0.008
0.5	20	0.05	390	500	495	0	5	0.99	0	0.01
0.5	20	0.05	391	500	496	1	3	0.992	0.002	0.006
0.5	20	0.05	392	500	494	1	5	0.988	0.002	0.01
0.5	20	0.05	393	500	499	0	1	0.998	0	0.002
0.5	20	0.05	394	500	496	0	4	0.992	0	0.008
0.5	20	0.05	395	500	497	0	3	0.994	0	0.006
0.5	20	0.05	396	500	496	0	4	0.992	0	0.008
0.5	20	0.05	397	500	498	1	1	0.996	0.002	0.002
0.5	20	0.05	398	500	498	0	2	0.996	0	0.004
0.5	20	0.05	399	500	495	0	5	0.99	0	0.01
0.5	20	0.05	400	500	498	0	2	0.996	0	0.004
0.5	20	0.05	401	500	495	1	4	0.99	0.002	0.008
0.5	20	0.05	402	500	496	1	3	0.992	0.002	0.006
0.5	20	0.05	403	500	497	0	3	0.994	0	0.006
0.5	20	0.05	404	500	497	0	3	0.994	0	0.006
0.5	20	0.05	405	500	498	0	2	0.996	0	0.004
0.5	20	0.05	406	500	498	1	1	0.996	0.002	0.002
0.5	20	0.05	407	500	497	0	3	0.994	0	0.006
0.5	20	0.05	408	500	498	0	2	0.996	0	0.004
0.5	20	0.05	409	500	499	0	1	0.998	0	0.002
0.5	20	0.05	410	500	495	0	5	0.99	0	0.01
0.5	20	0.05	411	500	499	0	1	0.998	0	0.002
0.5	20	0.05	412	500	496	0	4	0.992	0	0.008
0.5	20	0.05	413	500	496	0	4	0.992	0	0.008
0.5	20	0.05	414	500	497	0	3	0.994	0	0.006
0.5	20	0.05	415	500	493	0	7	0.986	0	0.014
0.5	20	0.05	416	500	497	0	3	0.994	0	0.006
0.5	20	0.05	417	500	496	2	2	0.992	0.004	0.004
0.5	20	0.05	418	500	492	3	5	0.984	0.006	0.01
0.5	20	0.05	419	500	497	2	1	0.994	0.004	0.002
0.5	20	0.05	420	500	494	5	1	0.988	0.01	0.002
0.5	20	0.05	421	500	496	4	0	0.992	0.008	0
0.5	20	0.05	422	500	499	1	0	0.998	0.002	0
0.5	20	0.05	423	500	493	7	0	0.986	0.014	0
0.5	20	0.05	424	500	496	4	0	0.992	0.008	0
0.5	20	0.05	425	500	495	5	0	0.99	0.01	0
0.5	20	0.05	426	500	488	12	0	0.976	0.024	0
0.5	20	0.05	427	500	483	17	0	0.966	0.034	0
0.5	20	0.05	428	500	485	15	0	0.97	0.03	0
0.5	20	0.05	429	500	477	23	0	0.954	0.046	0
0.5	20	0.05	430	500	474	26	0	0.948	0.052	0
0.5	20	0.05	431	500	462	38	0	0.924	0.076	0
0.5	20	0.05	432	500	468	32	0	0.936	0.064	0
0.5	20	0.05	433	500	444	56	0	0.888	0.112	0
0.5	20	0.05	434	500	451	49	0	0.902	0.098	0
0.5	20	0.05	435	500	448	52	0	0.896	0.104	0
0.5	20	0.05	436	500	440	60	0	0.88	0.12	0
0.5	20	0.05	437	500	432	68	0	0.864	0.136	0
0.5	20	0.05	438	500	429	71	0	0.858	0.142	0
0.5	20	0.05	439	500	402	98	0	0.804	0.196	0
0.5	20	0.05	440	500	399	101	0	0.798	0.202	0
0.5	20	0.05	441	500	384	116	0	0.768	0.232	0
0.5	20	0.05	442	500	367	133	0	0.734	0.266	0
0.5	20	0.05	443	500	376	124	0	0.752	0.248	0
0.5	20	0.05	444	500	355	145	0	0.71	0.29	0
0.5	20	0.05	445	500	337	163	0	0.674	0.326	0
0.5	20	0.05	446	500	312	188	0	0.624	0.376	0
0.5	20	0.05	447	500	302	198	0	0.604	0.396	0
0.5	20	0.05	448	500	303	197	0	0.606	0.394	0
0.5	20	0.05	449	500	274	226	0	0.548	0.452	0
0.5	20	0.05	450	500	258	242	0	0.516	0.484	0
0.5	20	0.05	451	500	256	244	0	0.512	0.488	0
0.5	20	0.05	452	500	232	268	0	0.464	0.536	0
0.5	20	0.05	453	500	229	271	0	0.458	0.542	0
0.5	20	0.05	454	500	198	302	0	0.396	0.604	0
0.5	20	0.05	455	500	181	319	0	0.362	0.638	0
0.5	20	0.05	456	500	192	308	0	0.384	0.616	0
0.5	20	0.05	457	500	168	332	0	0.336	0.664	0
0.5	20	0.05	458	500	152	348	0	0.304	0.696	0
0.5	20	0.05	459	500	137	363	0	0.274	0.726	0
0.5	20	0.05	460	500	109	391	0	0.218	0.782	0
0.5	20	0.05	461	500	139	361	0	0.278	0.722	0
0.5	20	0.05	462	500	112	388	0	0.224	0.776	0
0.5	20	0.05	463	500	99	401	0	0.198	0.802	0
0.5	20	0.05	464	500	98	402	0	0.196	0.804	0
0.5	20	0.05	465	500	75	425	0	0.15	0.85	0
0.5	20	0.05	466	500	73	427	0	0.146	0.854	0
0.5	20	0.05	467	500	73	427	0	0.146	0.854	0
0.5	20	0.05	468	500	61	439	0	0.122	0.878	0
0.5	20	0.05	469	500	50	450	0	0.1	0.9	0
0.5	20	0.05	470	500	49	451	0	0.098	0.902	0
0.5	20	0.05	471	500	50	450	0	0.1	0.9	0
0.5	20	0.05	472	500	27	473	0	0.054	0.946	0
0.5	20	0.05	473	500	31	469	0	0.062	0.938	0
0.5	20	0.05	474	500	38	462	0	0.076	0.924	0
0.5	20	0.05	475	500	32	468	0	0.064	0.936	0
0.5	20	0.05	476	500	17	483	0	0.034	0.966	0
0.5	20	0.05	477	500	19	481	0	0.038	0.962	0
0.5	20	0.05	478	500	17	483	0	0.034	0.966	0
0.5	20	0.05	479	500	20	480	0	0.04	0.96	0
0.5	20	0.05	480	500	16	484	0	0.032	0.968	0
0.5	20	0.05	481	500	14	486	0	0.028	0.972	0
0.5	20	0.05	482	500	9	491	0	0.018	0.982	0
0.5	20	0.05	483	500	12	488	0	0.024	0.976	0
0.5	20	0.05	484	500	7	493	0	0.014	0.986	0
0.5	20	0.05	485	500	6	494	0	0.012	0.988	0
0.5	20	0.05	486	500	4	496	0	0.008	0.992	0
0.5	20	0.05	487	500	4	496	0	0.008	0.992	0
0.5	20	0.05	488	500	2	498	0	0.004	0.996	0
0.5	20	0.05	489	500	2	498	0	0.004	0.996	0
0.5	20	0.05	490	500	2	498	0	0.004	0.996	0
0.5	20	0.05	491	500	3	497	0	0.006	0.994	0
0.5	20	0.05	492	500	0	500	0	0	1	0
0.5	20	0.05	493	500	0	500	0	0	1	0
0.5	20	0.05	494	500	2	498	0	0.004	0.996	0
0.5	20	0.05	495	500	3	497	0	0.006	0.994	0
0.5	20	0.05	496	500	1	499	0	0.002	0.998	0
0.5	20	0.05	497	500	0	500	0	0	1	0
0.5	20	0.05	498	500	1	499	0	0.002	0.998	0
0.5	20	0.05	499	500	0	500	0	0	1	0
0.5	20	0.05	500	500	0	500	0	0	1	0
0.5	20	0.05	501	500	0	500	0	0	1	0
0.5	20	0.05	502	500	1	499	0	0.002	0.998	0
0.5	20	0.05	503	500	0	500	0	0	1	0
0.5	20	0.05	504	500	0	500	0	0	1	0
0.5	20	0.05	505	500	0	500	0	0	1	0
0.5	20	0.05	506	500	1	499	0	0.002	0.998	0
0.5	20	0.05	507	500	0	500	0	0	1	0
0.5	20	0.05	508	500	0	500	0	0	1	0
0.5	20	0.05	509	500	0	500	0	0	1	0
0.5	20	0.05	510	500	0	500	0	0	1	0
0.5	20	0.05	511	500	0	500	0	0	1	0
0.5	20	0.05	512	500	0	500	0	0	1	0
0.5	20	0.05	513	500	0	500	0	0	1	0
0.5	20	0.05	514	500	0	500	0	0	1	0
0.5	20	0.05	515	500	0	500	0	0	1	0
0.5	20	0.05	516	500	0	500	0	0	1	0
0.5	20	0.05	517	500	0	500	0	0	1	0
0.5	20	0.05	518	500	0	500	0	0	1	0
0.5	20	0.05	519	500	0	500	0	0	1	0
0.5	20	0.05	520	500	0	500	0	0	1	0
0.5	20	0.05	521	500	0	500	0	0	1	0
0.5	20	0.05	522	500	0	500	0	0	1	0
0.5	20	0.05	523	500	0	500	0	0	1	0
0.5	20	0.05	524	500	0	500	0	0	1	0
0.5	20	0.05	525	500	0	500	0	0	1	0
0.5	20	0.05	526	500	0	500	0	0	1	0
0.5	20	0.05	527	500	0	500	0	0	1	0
0.5	20	0.05	528	500	0	500	0	0	1	0
0.5	20	0.05	529	500	0	500	0	0	1	0
0.5	20	0.05	530	500	0	500	0	0	1	0
0.5	20	0.05	531	500	0	500	0	0	1	0
0.5	20	0.05	532	500	0	500	0	0	1	0
0.5	20	0.05	533	500	0	500	0	0	1	0
0.5	20	0.05	534	500	0	500	0	0	1	0
0.5	20	0.05	535	500	0	500	0	0	1	0
0.5	20	0.05	536	500	0	500	0	0	1	0
0.5	20	0.05	537	500	0	500	0	0	1	0
0.5	20	0.05	538	500	0	500	0	0	1	0
0.5	20	0.05	539	500	0	500	0	0	1	0
0.5	20	0.05	540	500	0	500	0	0	1	0
0.5	20	0.05	541	500	0	500	0	0	1	0
0.5	20	0.05	542	500	0	500	0	0	1	0
0.5	20	0.05	543	500	0	500	0	0	1	0
0.5	20	0.05	544	500	0	500	0	0	1	0
0.5	20	0.05	545	500	0	500	0	0	1	0
0.5	20	0.05	546	500	0	500	0	0	1	0
0.5	20	0.05	547	500	0	500	0	0	1	0
0.5	20	0.05	548	500	0	500	0	0	1	0
0.5	20	0.05	549	500	0	500	0	0	1	0
0.5	20	0.05	550	500	0	500	0	0	1	0
0.5	20	0.05	551	500	0	500	0	0	1	0
0.5	20	0.05	552	500	0	500	0	0	1	0
0.5	20	0.05	553	500	0	500	0	0	1	0
0.5	20	0.05	554	500	0	500	0	0	1	0
0.5	20	0.05	555	500	0	500	0	0	1	0
0.5	20	0.05	556	500	0	500	0	0	1	0
0.5	20	0.05	557	500	0	500	0	0	1	0
0.5	20	0.05	558	500	0	500	0	0	1	0
0.5	20	0.05	559	500	0	500	0	0	1	0
0.5	20	0.05	560	500	0	500	0	0	1	0
0.5	20	0.05	561	500	0	500	0	0	1	0
0.5	20	0.05	562	500	0	500	0	0	1	0
0.5	20	0.05	563	500	0	500	0	0	1	0
0.5	20	0.05	564	500	0	500	0	0	1	0
0.5	20	0.05	565	500	0	500	0	0	1	0
0.5	20	0.05	566	500	0	500	0	0	1	0
0.5	20	0.05	567	500	0	500	0	0	1	0
0.5	20	0.05	568	500	0	500	0	0	1	0
0.5	20	0.05	569	500	0	500	0	0	1	0
0.5	20	0.05	570	500	0	500	0	0	1	0
0.5	20	0.05	571	500	0	500	0	0	1	0
0.5	20	0.05	572	500	0	500	0	0	1	0
0.5	20	0.05	573	500	0	500	0	0	1	0
0.5	20	0.05	574	500	0	500	0	0	1	0
0.5	20	0.05	575	500	0	500	0	0	1	0
0.5	20	0.05	576	500	0	500	0	0	1	0
0.5	20	0.05	577	500	0	500	0	0	1	0
0.5	20	0.05	578	500	0	500	0	0	1	0
0.5	20	0.05	579	500	0	500	0	0	1	0
0.5	20	0.05	580	500	0	500	0	0	1	0
0.5	20	0.05	581	500	0	500	0	0	1	0
0.5	20	0.05	582	500	0	500	0	0	1	0
0.5	20	0.05	583	500	0	500	0	0	1	0
0.5	20	0.05	584	500	0	500	0	0	1	0
0.5	20	0.05	585	500	0	500	0	0	1	0
0.5	20	0.05	586	500	0	500	0	0	1	0
0.5	20	0.05	587	500	0	500	0	0	1	0
0.5	20	0.05	588	500	0	500	0	0	1	0
0.5	20	0.05	589	500	0	500	0	0	1	0
0.5	20	0.05	590	500	0	500	0	0	1	0
0.5	20	0.05	591	500	0	500	0	0	1	0
0.5	20	0.05	592	500	0	500	0	0	1	0
0.5	20	0.05	593	500	0	500	0	0	1	0
0.5	20	0.05	594	500	0	500	0	0	1	0
0.5	20	0.05	595	500	0	500	0	0	1	0
0.5	20	0.05	596	500	0	500	0	0	1	0
0.5	20	0.05	597	500	0	500	0	0	1	0
0.5	20	0.05	598	500	0	500	0	0	1	0
0.5	20	0.05	599	500	0	500	0	0	1	0
0.5	20	0.05	600	500	0	500	0	0	1	0
0.5	20	0.05	601	500	0	500	0	0	1	0
0.5	20	0.05	602	500	0	500	0	0	1	0
0.5	20	0.05	603	500	0	500	0	0	1	0
0.5	20	0.05	604	500	0	500	0	0	1	0
0.5	20	0.05	605	500	0	500	0	0	1	0
0.5	20	0.05	606	500	0	500	0	0	1	0
0.5	20	0.05	607	500	0	500	0	0	1	0
0.5	20	0.05	608	500	0	500	0	0	1	0
0.5	20	0.05	609	500	0	500	0	0	1	0
0.5	20	0.05	610	500	0	500	0	0	1	0
0.5	20	0.05	611	500	0	500	0	0	1	0
0.5	20	0.05	612	500	0	500	0	0	1	0
0.5	20	0.05	613	500	0	500	0	0	1	0
0.5	20	0.05	614	500	0	500	0	0	1	0
0.5	20	0.05	615	500	0	500	0	0	1	0
0.5	20	0.05	616	500	0	500	0	0	1	0
0.5	20	0.05	617	500	0	500	0	0	1	0
0.5	20	0.05	618	500	0	500	0	0	1	0
0.5	20	0.05	619	500	0	500	0	0	1	0
0.5	20	0.05	620	500	0	500	0	0	1	0
0.5	20	0.05	621	500	0	500	0	0	1	0
0.5	20	0.05	622	500	0	500	0	0	1	0
0.5	20	0.05	623	500	0	500	0	0	1	0
0.5	20	0.05	624	500	0	500	0	0	1	0
0.5	20	0.05	625	500	0	500	0	0	1	0
0.5	20	0.05	626	500	0	500	0	0	1	0
0.5	20	0.05	627	500	0	500	0	0	1	0
0.5	20	0.05	628	500	0	500	0	0	1	0
0.5	20	0.05	629	500	0	500	0	0	1	0
0.5	20	0.05	630	500	0	500	0	0	1	0
0.5	20	0.05	631	500	0	500	0	0	1	0
0.5	20	0.05	632	500	0	500	0	0	1	0
0.5	20	0.05	633	500	0	500	0	0	1	0
0.5	20	0.05	634	500	0	500	0	0	1	0
0.5	20	0.05	635	500	0	500	0	0	1	0
0.5	20	0.05	636	500	0	500	0	0	1	0
0.5	20	0.05	637	500	0	500	0	0	1	0
0.5	20	0.05	638	500	0	500	0	0	1	0
0.5	20	0.05	639	500	0	500	0	0	1	0
0.5	20	0.05	640	500	0	500	0	0	1	0
0.5	20	0.05	641	500	0	500	0	0	1	0
0.5	20	0.05	642	500	0	500	0	0	1	0
0.5	20	0.05	643	500	0	500	0	0	1	0
0.5	20	0.05	644	500	0	500	0	0	1	0
0.5	20	0.05	645	500	0	500	0	0	1	0
0.5	20	0.05	646	500	0	500	0	0	1	0
0.5	20	0.05	647	500	0	500	0	0	1	0
0.5	20	0.05	648	500	0	500	0	0	1	0
0.5	20	0.05	649	500	0	500	0	0	1	0
0.5	20	0.05	650	500	0	500	0	0	1	0
0.5	20	0.05	651	500	0	500	0	0	1	0
0.5	20	0.05	652	500	0	500	0	0	1	0
0.5	20	0.05	653	500	0	500	0	0	1	0
0.5	20	0.05	654	500	0	500	0	0	1	0
0.5	20	0.05	655	500	0	500	0	0	1	0
0.5	20	0.05	656	500	0	500	0	0	1	0
0.5	20	0.05	657	500	0	500	0	0	1	0
0.5	20	0.05	658	500	0	500	0	0	1	0
0.5	20	0.05	659	500	0	500	0	0	1	0
0.5	20	0.05	660	500	0	500	0	0	1	0
0.5	20	0.05	661	500	0	500	0	0	1	0
0.5	20	0.05	662	500	0	500	0	0	1	0
0.5	20	0.05	663	500	0	500	0	0	1	0
0.5	20	0.05	664	500	0	500	0	0	1	0
0.5	20	0.05	665	500	0	500	0	0	1	0
0.5	20	0.05	666	500	0	500	0	0	1	0
0.5	20	0.05	667	500	0	500	0	0	1	0
0.5	20	0.05	668	500	0	500	0	0	1	0
0.5	20	0.05	669	500	0	500	0	0	1	0
0.5	20	0.05	670	500	0	500	0	0	1	0
0.5	20	0.05	671	500	0	500	0	0	1	0
0.5	20	0.05	672	500	0	500	0	0	1	0
0.5	20	0.05	673	500	0	500	0	0	1	0
0.5	20	0.05	674	500	0	500	0	0	1	0
0.5	20	0.05	675	500	0	500	0	0	1	0
0.5	20	0.05	676	500	0	500	0	0	1	0
0.5	20	0.05	677	500	0	500	0	0	1	0
0.5	20	0.05	678	500	0	500	0	0	1	0
0.5	20	0.05	679	500	0	500	0	0	1	0
0.5	20	0.05	680	500	0	500	0	0	1	0
0.5	20	0.05	681	500	0	500	0	0	1	0
0.5	20	0.05	682	500	0	500	0	0	1	0
0.5	20	0.05	683	500	0	500	0	0	1	0
0.5	20	0.05	684	500	0	500	0	0	1	0
0.5	20	0.05	685	500	0	500	0	0	1	0
0.5	20	0.05	686	500	0	500	0	0	1	0
0.5	20	0.05	687	500	0	500	0	0	1	0
0.5	20	0.05	688	500	0	500	0	0	1	0
0.5	20	0.05	689	500	0	500	0	0	1	0
0.5	20	0.05	690	500	0	500	0	0	1	0
0.5	20	0.05	691	500	0	500	0	0	1	0
0.5	20	0.05	692	500	0	500	0	0	1	0
0.5	20	0.05	693	500	0	500	0	0	1	0
0.5	20	0.05	694	500	0	500	0	0	1	0
0.5	20	0.05	695	500	0	500	0	0	1	0
0.5	20	0.05	696	500	0	500	0	0	1	0
0.5	20	0.05	697	500	0	500	0	0	1	0
0.5	20	0.05	698	500	0	500	0	0	1	0
0.5	20	0.05	699	500	0	500	0	0	1	0
0.5	20	0.05	700	500	0	500	0	0	1	0
0.5	20	0.05	701	500	0	500	0	0	1	0
0.5	20	0.05	702	500	0	500	0	0	1	0
0.5	20	0.05	703	500	0	500	0	0	1	0
0.5	20	0.05	704	500	0	500	0	0	1	0
0.5	20	0.05	705	500	0	500	0	0	1	0
0.5	20	0.05	706	500	0	500	0	0	1	0
0.5	20	0.05	707	500	0	500	0	0	1	0
0.5	20	0.05	708	500	0	500	0	0	1	0
0.5	20	0.05	709	500	0	500	0	0	1	0
0.5	20	0.05	710	500	0	500	0	0	1	0
0.5	20	0.05	711	500	0	500	0	0	1	0
0.5	20	0.05	712	500	0	500	0	0	1	0
0.5	20	0.05	713	500	0	500	0	0	1	0
0.5	20	0.05	714	500	0	500	0	0	1	0
0.5	20	0.05	715	500	0	500	0	0	1	0
0.5	20	0.05	716	500	0	500	0	0	1	0
0.5	20	0.05	717	500	0	500	0	0	1	0
0.5	20	0.05	718	500	0	500	0	0	1	0
0.5	20	0.05	719	500	0	500	0	0	1	0
0.5	20	0.05	720	500	0	500	0	0	1	0
0.5	20	0.05	721	500	0	500	0	0	1	0
0.5	20	0.05	722	500	0	500	0	0	1	0
0.5	20	0.05	723	500	0	500	0	0	1	0
0.5	20	0.05	724	500	0	500	0	0	1	0
0.5	20	0.05	725	500	0	500	0	0	1	0
0.5	20	0.05	726	500	0	500	0	0	1	0
0.5	20	0.05	727	500	0	500	0	0	1	0
0.5	20	0.05	728	500	0	500	0	0	1	0
0.5	20	0.05	729	500	0	500	0	0	1	0
0.5	20	0.05	730	500	0	500	0	0	1	0
0.5	20	0.05	731	500	0	500	0	0	1	0
0.5	20	0.05	732	500	0	500	0	0	1	0
0.5	20	0.05	733	500	0	500	0	0	1	0
0.5	20	0.05	734	500	0	500	0	0	1	0
0.5	20	0.05	735	500	0	500	0	0	1	0
0.5	20	0.05	736	500	0	500	0	0	1	0
0.5	20	0.05	737	500	0	500	0	0	1	0
0.5	20	0.05	738	500	0	500	0	0	1	0
0.5	20	0.05	739	500	0	500	0	0	1	0
0.5	20	0.05	740	500	0	500	0	0	1	0
0.5	20	0.05	741	500	0	500	0	0	1	0
0.5	20	0.05	742	500	0	500	0	0	1	0
0.5	20	0.05	743	500	0	500	0	0	1	0
0.5	20	0.05	744	500	0	500	0	0	1	0
0.5	20	0.05	745	500	0	500	0	0	1	0
0.5	20	0.05	746	500	0	500	0	0	1	0
0.5	20	0.05	747	500	0	500	0	0	1	0
0.5	20	0.05	748	500	0	500	0	0	1	0
0.5	20	0.05	749	500	0	500	0	0	1	0
0.5	20	0.05	750	500	0	500	0	0	1	0
0.5	20	0.05	751	500	0	500	0	0	1	0
0.5	20	0.05	752	500	0	500	0	0	1	0
0.5	20	0.05	753	500	0	500	0	0	1	0
0.5	20	0.05	754	500	0	500	0	0	1	0
0.5	20	0.05	755	500	0	500	0	0	1	0
0.5	20	0.05	756	500	0	500	0	0	1	0
0.5	20	0.05	757	500	0	500	0	0	1	0
0.5	20	0.05	758	500	0	500	0	0	1	0
0.5	20	0.05	759	500	0	500	0	0	1	0
0.5	20	0.05	760	500	0	500	0	0	1	0
0.5	20	0.05	761	500	0	500	0	0	1	0
0.5	20	0.05	762	500	0	500	0	0	1	0
0.5	20	0.05	763	500	0	500	0	0	1	0
0.5	20	0.05	764	500	0	500	0	0	1	0
0.5	20	0.05	765	500	0	500	0	0	1	0
0.5	20	0.05	766	500	0	500	0	0	1	0
0.5	20	0.05	767	500	0	500	0	0	1	0
0.5	20	0.05	768	500	0	500	0	0	1	0
0.5	20	0.05	769	500	0	500	0	0	1	0
0.5	20	0.05	770	500	0	500	0	0	1	0
0.5	20	0.05	771	500	0	500	0	0	1	0
0.5	20	0.05	772	500	0	500	0	0	1	0
0.5	20	0.05	773	500	0	500	0	0	1	0
0.5	20	0.05	774	500	0	500	0	0	1	0
0.5	20	0.05	775	500	0	500	0	0	1	0
0.5	20	0.05	776	500	0	500	0	0	1	0
0.5	20	0.05	777	500	0	500	0	0	1	0
0.5	20	0.05	778	500	0	500	0	0	1	0
0.5	20	0.05	779	500	0	500	0	0	1	0
0.5	20	0.05	780	500	0	500	0	0	1	0
0.5	20	0.05	781	500	0	500	0	0	1	0
0.5	20	0.05	782	500	0	500	0	0	1	0
0.5	20	0.05	783	500	0	500	0	0	1	0
0.5	20	0.05	784	500	0	500	0	0	1	0
0.5	20	0.05	785	500	0	500	0	0	1	0
0.5	20	0.05	786	500	0	500	0	0	1	0
0.5	20	0.05	787	500	0	500	0	0	1	0
0.5	20	0.05	788	500	0	500	0	0	1	0
0.5	20	0.05	789	500	0	500	0	0	1	0
0.5	20	0.05	790	500	0	500	0	0	1	0
0.5	20	0.05	791	500	0	500	0	0	1	0
0.5	20	0.05	792	500	0	500	0	0	1	0
0.5	20	0.05	793	500	0	500	0	0	1	0
0.5	20	0.05	794	500	0	500	0	0	1	0
0.5	20	0.05	795	500	0	500	0	0	1	0
0.5	20	0.05	796	500	0	500	0	0	1	0
0.5	20	0.05	797	500	0	500	0	0	1	0
0.5	20	0.05	798	500	0	500	0	0	1	0
0.5	20	0.05	799	500	0	500	0	0	1	0
0.5	20	0.05	800	500	0	500	0	0	1	0
0.5	20	0.05	801	500	0	500	0	0	1	0
0.5	20	0.05	802	500	0	500	0	0	1	0
0.5	20	0.05	803	500	0	500	0	0	1	0
0.5	20	0.05	804	500	0	500	0	0	1	0
0.5	20	0.05	805	500	0	500	0	0	1	0
0.5	20	0.05	806	500	0	500	0	0	1	0
0.5	20	0.05	807	500	0	500	0	0	1	0
0.5	20	0.05	808	500	0	500	0	0	1	0
0.5	20	0.05	809	500	0	500	0	0	1	0
0.5	20	0.05	810	500	0	500	0	0	1	0
0.5	20	0.05	811	500	0	500	0	0	1	0
0.5	20	0.05	812	500	0	500	0	0	1	0
0.5	20	0.05	813	500	0	500	0	0	1	0
0.5	20	0.05	814	500	0	500	0	0	1	0
0.5	20	0.05	815	500	0	500	0	0	1	0
0.5	20	0.05	816	500	0	500	0	0	1	0
0.5	20	0.05	817	500	0	500	0	0	1	0
0.5	20	0.05	818	500	0	500	0	0	1	0
0.5	20	0.05	819	500	0	500	0	0	1	0
0.5	20	0.05	820	500	0	500	0	0	1	0
0.5	20	0.05	821	500	0	500	0	0	1	0
0.5	20	0.05	822	500	0	500	0	0	1	0
0.5	20	0.05	823	500	0	500	0	0	1	0
0.5	20	0.05	824	500	0	500	0	0	1	0
0.5	20	0.05	825	500	0	500	0	0	1	0
0.5	20	0.05	826	500	0	500	0	0	1	0
0.5	20	0.05	827	500	0	500	0	0	1	0
0.5	20	0.05	828	500	0	500	0	0	1	0
0.5	20	0.05	829	500	0	500	0	0	1	0
0.5	20	0.05	830	500	0	500	0	0	1	0
0.5	20	0.05	831	500	0	500	0	0	1	0
0.5	20	0.05	832	500	0	500	0	0	1	0
0.5	20	0.05	833	500	0	500	0	0	1	0
0.5	20	0.05	834	500	0	500	0	0	1	0
0.5	20	0.05	835	500	0	500	0	0	1	0
0.5	20	0.05	836	500	0	500	0	0	1	0
0.5	20	0.05	837	500	0	500	0	0	1	0
0.5	20	0.05	838	500	0	500	0	0	1	0
0.5	20	0.05	839	500	0	500	0	0	1	0
0.5	20	0.05	840	500	0	500	0	0	1	0
0.5	20	0.05	841	500	0	500	0	0	1	0
0.5	20	0.05	842	500	0	500	0	0	1	0
0.5	20	0.05	843	500	0	500	0	0	1	0
0.5	20	0.05	844	500	0	500	0	0	1	0
0.5	20	0.05	845	500	0	500	0	0	1	0
0.5	20	0.05	846	500	0	500	0	0	1	0
0.5	20	0.05	847	500	0	500	0	0	1	0
0.5	20	0.05	848	500	0	500	0	0	1	0
0.5	20	0.05	849	500	0	500	0	0	1	0
0.5	20	0.05	850	500	0	500	0	0	1	0
0.5	20	0.05	851	500	0	500	0	0	1	0
0.5	20	0.05	852	500	0	500	0	0	1	0
0.5	20	0.05	853	500	0	500	0	0	1	0
0.5	20	0.05	854	500	0	500	0	0	1	0
0.5	20	0.05	855	500	0	500	0	0	1	0
0.5	20	0.05	856	500	0	500	0	0	1	0
0.5	20	0.05	857	500	0	500	0	0	1	0
0.5	20	0.05	858	500	0	500	0	0	1	0
0.5	20	0.05	859	500	0	500	0	0	1	0
0.5	20	0.05	860	500	0	500	0	0	1	0
0.5	20	0.05	861	500	0	500	0	0	1	0
0.5	20	0.05	862	500	0	500	0	0	1	0
0.5	20	0.05	863	500	0	500	0	0	1	0
0.5	20	0.05	864	500	0	500	0	0	1	0
0.5	20	0.05	865	500	0	500	0	0	1	0
0.5	20	0.05	866	500	0	500	0	0	1	0
0.5	20	0.05	867	500	0	500	0	0	1	0
0.5	20	0.05	868	500	0	500	0	0	1	0
0.5	20	0.05	869	500	0	500	0	0	1	0
0.5	20	0.05	870	500	0	500	0	0	1	0
0.5	20	0.05	871	500	0	500	0	0	1	0
0.5	20	0.05	872	500	0	500	0	0	1	0
0.5	20	0.05	873	500	0	500	0	0	1	0
0.5	20	0.05	874	500	0	500	0	0	1	0
0.5	20	0.05	875	500	0	500	0	0	1	0
0.5	20	0.05	876	500	0	500	0	0	1	0
0.5	20	0.05	877	500	0	500	0	0	1	0
0.5	20	0.05	878	500	0	500	0	0	1	0
0.5	20	0.05	879	500	0	500	0	0	1	0
0.5	20	0.05	880	500	0	500	0	0	1	0
0.5	20	0.05	881	500	0	500	0	0	1	0
0.5	20	0.05	882	500	0	500	0	0	1	0
0.5	20	0.05	883	500	0	500	0	0	1	0
0.5	20	0.05	884	500	0	500	0	0	1	0
0.5	20	0.05	885	500	0	500	0	0	1	0
0.5	20	0.05	886	500	0	500	0	0	1	0
0.5	20	0.05	887	500	0	500	0	0	1	0
0.5	20	0.05	888	500	0	500	0	0	1	0
0.5	20	0.05	889	500	0	500	0	0	1	0
0.5	20	0.05	890	500	0	500	0	0	1	0
0.5	20	0.05	891	500	0	500	0	0	1	0
0.5	20	0.05	892	500	0	500	0	0	1	0
0.5	20	0.05	893	500	0	500	0	0	1	0
0.5	20	0.05	894	500	0	500	0	0	1	0
0.5	20	0.05	895	500	0	500	0	0	1	0
0.5	20	0.05	896	500	0	500	0	0	1	0
0.5	20	0.05	897	500	0	500	0	0	1	0
0.5	20	0.05	898	500	0	500	0	0	1	0
0.5	20	0.05	899	500	0	500	0	0	1	0
0.5	20	0.05	900	500	0	500	0	0	1	0
0.5	20	0.05	901	500	0	500	0	0	1	0
0.5	20	0.05	902	500	0	500	0	0	1	0
0.5	20	0.05	903	500	0	500	0	0	1	0
0.5	20	0.05	904	500	0	500	0	0	1	0
0.5	20	0.05	905	500	0	500	0	0	1	0
0.5	20	0.05	906	500	0	500	0	0	1	0
0.5	20	0.05	907	500	0	500	0	0	1	0
0.5	20	0.05	908	500	0	500	0	0	1	0
0.5	20	0.05	909	500	0	500	0	0	1	0
0.5	20	0.05	910	500	0	500	0	0	1	0
0.5	20	0.05	911	500	0	500	0	0	1	0
0.5	20	0.05	912	500	0	500	0	0	1	0
0.5	20	0.05	913	500	0	500	0	0	1	0
0.5	20	0.05	914	500	0	500	0	0	1	0
0.5	20	0.05	915	500	0	500	0	0	1	0
0.5	20	0.05	916	500	0	500	0	0	1	0
0.5	20	0.05	917	500	0	500	0	0	1	0
0.5	20	0.05	918	500	0	500	0	0	1	0
0.5	20	0.05	919	500	0	500	0	0	1	0
0.5	20	0.05	920	500	0	500	0	0	1	0
0.5	20	0.05	921	500	0	500	0	0	1	0
0.5	20	0.05	922	500	0	500	0	0	1	0
0.5	20	0.05	923	500	0	500	0	0	1	0
0.5	20	0.05	924	500	0	500	0	0	1	0
0.5	20	0.05	925	500	0	500	0	0	1	0
0.5	20	0.05	926	500	0	500	0	0	1	0
0.5	20	0.05	927	500	0	500	0	0	1	0
0.5	20	0.05	928	500	0	500	0	0	1	0
0.5	20	0.05	929	500	0	500	0	0	1	0
0.5	20	0.05	930	500	0	500	0	0	1	0
0.5	20	0.05	931	500	0	500	0	0	1	0
0.5	20	0.05	932	500	0	500	0	0	1	0
0.5	20	0.05	933	500	0	500	0	0	1	0
0.5	20	0.05	934	500	0	500	0	0	1	0
0.5	20	0.05	935	500	0	500	0	0	1	0
0.5	20	0.05	936	500	0	500	0	0	1	0
0.5	20	0.05	937	500	0	500	0	0	1	0
0.5	20	0.05	938	500	0	500	0	0	1	0
0.5	20	0.05	939	500	0	500	0	0	1	0
0.5	20	0.05	940	500	0	500	0	0	1	0
0.5	20	0.05	941	500	0	500	0	0	1	0
0.5	20	0.05	942	500	0	500	0	0	1	0
0.5	20	0.05	943	500	0	500	0	0	1	0
0.5	20	0.05	944	500	0	500	0	0	1	0
0.5	20	0.05	945	500	0	500	0	0	1	0
0.5	20	0.05	946	500	0	500	0	0	1	0
0.5	20	0.05	947	500	0	500	0	0	1	0
0.5	20	0.05	948	500	0	500	0	0	1	0
0.5	20	0.05	949	500	0	500	0	0	1	0
0.5	20	0.05	950	500	0	500	0	0	1	0
0.5	20	0.05	951	500	0	500	0	0	1	0
0.5	20	0.05	952	500	0	500	0	0	1	0
0.5	20	0.05	953	500	0	500	0	0	1	0
0.5	20	0.05	954	500	0	500	0	0	1	0
0.5	20	0.05	955	500	0	500	0	0	1	0
0.5	20	0.05	956	500	0	500	0	0	1	0
0.5	20	0.05	957	500	0	500	0	0	1	0
0.5	20	0.05	958	500	0	500	0	0	1	0
0.5	20	0.05	959	500	0	500	0	0	1	0
0.5	20	0.05	960	500	0	500	0	0	1	0
0.5	20	0.05	961	500	0	500	0	0	1	0
0.5	20	0.05	962	500	0	500	0	0	1	0
0.5	20	0.05	963	500	0	500	0	0	1	0
0.5	20	0.05	964	500	0	500	0	0	1	0
0.5	20	0.05	965	500	0	500	0	0	1	0
0.5	20	0.05	966	500	0	500	0	0	1	0
0.5	20	0.05	967	500	0	500	0	0	1	0
0.5	20	0.05	968	500	0	500	0	0	1	0
0.5	20	0.05	969	500	0	500	0	0	1	0
0.5	20	0.05	970	500	0	500	0	0	1	0
0.5	20	0.05	971	500	0	500	0	0	1	0
0.5	20	0.05	972	500	0	500	0	0	1	0
0.5	20	0.05	973	500	0	500	0	0	1	0
0.5	20	0.05	974	500	0	500	0	0	1	0
0.5	20	0.05	975	500	0	500	0	0	1	0
0.5	20	0.05	976	500	0	500	0	0	1	0
0.5	20	0.05	977	500	0	500	0	0	1	0
0.5	20	0.05	978	500	0	500	0	0	1	0
0.5	20	0.05	979	500	0	500	0	0	1	0
0.5	20	0.05	980	500	0	500	0	0	1	0
0.5	20	0.05	981	500	0	500	0	0	1	0
0.5	20	0.05	982	500	0	500	0	0	1	0
0.5	20	0.05	983	500	0	500	0	0	1	0
0.5	20	0.05	984	500	0	500	0	0	1	0
0.5	20	0.05	985	500	0	500	0	0	1	0
0.5	20	0.05	986	500	0	500	0	0	1	0
0.5	20	0.05	987	500	0	500	0	0	1	0
0.5	20	0.05	988	500	0	500	0	0	1	0
0.5	20	0.05	989	500	0	500	0	0	1	0
0.5	20	0.05	990	500	0	500	0	0	1	0
0.5	20	0.05	991	500	0	500	0	0	1	0
0.5	20	0.05	992	500	0	500	0	0	1	0
0.5	20	0.05	993	500	0	500	0	0	1	0
0.5	20	0.05	994	500	0	500	0	0	1	0
0.5	20	0.05	995	500	0	500	0	0	1	0
0.5	20	0.05	996	500	0	500	0	0	1	0
0.5	20	0.05	997	500	0	500	0	0	1	0
0.5	20	0.05	998	500	0	500	0	0	1	0
0.5	20	0.05	999	500	0	500	0	0	1	0
0.5	20	0.05	1000	500	0	500	0	0	1	0
