"trueDelta"	"eCrit_upper"	"eCrit_lower"	"n"	"n_reps"	"h1_n"	"h0_n"	"ind_n"	"h1_prob"	"h0_prob"	"ind_prob"
0.3	20	0.05	2	500	0	0	500	0	0	1
0.3	20	0.05	3	500	0	0	500	0	0	1
0.3	20	0.05	4	500	0	0	500	0	0	1
0.3	20	0.05	5	500	0	0	500	0	0	1
0.3	20	0.05	6	500	0	0	500	0	0	1
0.3	20	0.05	7	500	0	0	500	0	0	1
0.3	20	0.05	8	500	0	1	499	0	0.002	0.998
0.3	20	0.05	9	500	0	3	497	0	0.006	0.994
0.3	20	0.05	10	500	2	2	496	0.004	0.004	0.992
0.3	20	0.05	11	500	2	9	489	0.004	0.018	0.978
0.3	20	0.05	12	500	2	9	489	0.004	0.018	0.978
0.3	20	0.05	13	500	7	14	479	0.014	0.028	0.958
0.3	20	0.05	14	500	9	20	471	0.018	0.04	0.942
0.3	20	0.05	15	500	20	13	467	0.04	0.026	0.934
0.3	20	0.05	16	500	14	15	471	0.028	0.03	0.942
0.3	20	0.05	17	500	10	16	474	0.02	0.032	0.948
0.3	20	0.05	18	500	20	23	457	0.04	0.046	0.914
0.3	20	0.05	19	500	26	24	450	0.052	0.048	0.9
0.3	20	0.05	20	500	21	31	448	0.042	0.062	0.896
0.3	20	0.05	21	500	24	32	444	0.048	0.064	0.888
0.3	20	0.05	22	500	22	36	442	0.044	0.072	0.884
0.3	20	0.05	23	500	33	29	438	0.066	0.058	0.876
0.3	20	0.05	24	500	29	49	422	0.058	0.098	0.844
0.3	20	0.05	25	500	37	40	423	0.074	0.08	0.846
0.3	20	0.05	26	500	33	37	430	0.066	0.074	0.86
0.3	20	0.05	27	500	51	46	403	0.102	0.092	0.806
0.3	20	0.05	28	500	48	46	406	0.096	0.092	0.812
0.3	20	0.05	29	500	49	45	406	0.098	0.09	0.812
0.3	20	0.05	30	500	57	47	396	0.114	0.094	0.792
0.3	20	0.05	31	500	48	55	397	0.096	0.11	0.794
0.3	20	0.05	32	500	48	51	401	0.096	0.102	0.802
0.3	20	0.05	33	500	44	53	403	0.088	0.106	0.806
0.3	20	0.05	34	500	59	54	387	0.118	0.108	0.774
0.3	20	0.05	35	500	63	45	392	0.126	0.09	0.784
0.3	20	0.05	36	500	55	56	389	0.11	0.112	0.778
0.3	20	0.05	37	500	58	62	380	0.116	0.124	0.76
0.3	20	0.05	38	500	59	58	383	0.118	0.116	0.766
0.3	20	0.05	39	500	63	61	376	0.126	0.122	0.752
0.3	20	0.05	40	500	67	83	350	0.134	0.166	0.7
0.3	20	0.05	41	500	69	64	367	0.138	0.128	0.734
0.3	20	0.05	42	500	64	70	366	0.128	0.14	0.732
0.3	20	0.05	43	500	57	73	370	0.114	0.146	0.74
0.3	20	0.05	44	500	69	68	363	0.138	0.136	0.726
0.3	20	0.05	45	500	89	77	334	0.178	0.154	0.668
0.3	20	0.05	46	500	73	73	354	0.146	0.146	0.708
0.3	20	0.05	47	500	87	67	346	0.174	0.134	0.692
0.3	20	0.05	48	500	73	81	346	0.146	0.162	0.692
0.3	20	0.05	49	500	82	69	349	0.164	0.138	0.698
0.3	20	0.05	50	500	68	85	347	0.136	0.17	0.694
0.3	20	0.05	51	500	88	85	327	0.176	0.17	0.654
0.3	20	0.05	52	500	83	72	345	0.166	0.144	0.69
0.3	20	0.05	53	500	86	78	336	0.172	0.156	0.672
0.3	20	0.05	54	500	86	77	337	0.172	0.154	0.674
0.3	20	0.05	55	500	69	85	346	0.138	0.17	0.692
0.3	20	0.05	56	500	81	83	336	0.162	0.166	0.672
0.3	20	0.05	57	500	86	89	325	0.172	0.178	0.65
0.3	20	0.05	58	500	73	79	348	0.146	0.158	0.696
0.3	20	0.05	59	500	78	81	341	0.156	0.162	0.682
0.3	20	0.05	60	500	83	91	326	0.166	0.182	0.652
0.3	20	0.05	61	500	98	89	313	0.196	0.178	0.626
0.3	20	0.05	62	500	83	84	333	0.166	0.168	0.666
0.3	20	0.05	63	500	87	96	317	0.174	0.192	0.634
0.3	20	0.05	64	500	93	120	287	0.186	0.24	0.574
0.3	20	0.05	65	500	96	94	310	0.192	0.188	0.62
0.3	20	0.05	66	500	95	91	314	0.19	0.182	0.628
0.3	20	0.05	67	500	100	113	287	0.2	0.226	0.574
0.3	20	0.05	68	500	93	85	322	0.186	0.17	0.644
0.3	20	0.05	69	500	85	110	305	0.17	0.22	0.61
0.3	20	0.05	70	500	101	94	305	0.202	0.188	0.61
0.3	20	0.05	71	500	107	100	293	0.214	0.2	0.586
0.3	20	0.05	72	500	104	91	305	0.208	0.182	0.61
0.3	20	0.05	73	500	89	104	307	0.178	0.208	0.614
0.3	20	0.05	74	500	85	116	299	0.17	0.232	0.598
0.3	20	0.05	75	500	109	99	292	0.218	0.198	0.584
0.3	20	0.05	76	500	103	105	292	0.206	0.21	0.584
0.3	20	0.05	77	500	106	95	299	0.212	0.19	0.598
0.3	20	0.05	78	500	103	106	291	0.206	0.212	0.582
0.3	20	0.05	79	500	113	103	284	0.226	0.206	0.568
0.3	20	0.05	80	500	114	117	269	0.228	0.234	0.538
0.3	20	0.05	81	500	106	115	279	0.212	0.23	0.558
0.3	20	0.05	82	500	99	120	281	0.198	0.24	0.562
0.3	20	0.05	83	500	97	107	296	0.194	0.214	0.592
0.3	20	0.05	84	500	121	94	285	0.242	0.188	0.57
0.3	20	0.05	85	500	98	106	296	0.196	0.212	0.592
0.3	20	0.05	86	500	101	100	299	0.202	0.2	0.598
0.3	20	0.05	87	500	113	113	274	0.226	0.226	0.548
0.3	20	0.05	88	500	106	100	294	0.212	0.2	0.588
0.3	20	0.05	89	500	105	124	271	0.21	0.248	0.542
0.3	20	0.05	90	500	101	116	283	0.202	0.232	0.566
0.3	20	0.05	91	500	107	111	282	0.214	0.222	0.564
0.3	20	0.05	92	500	108	106	286	0.216	0.212	0.572
0.3	20	0.05	93	500	124	106	270	0.248	0.212	0.54
0.3	20	0.05	94	500	117	123	260	0.234	0.246	0.52
0.3	20	0.05	95	500	114	116	270	0.228	0.232	0.54
0.3	20	0.05	96	500	116	100	284	0.232	0.2	0.568
0.3	20	0.05	97	500	123	124	253	0.246	0.248	0.506
0.3	20	0.05	98	500	127	113	260	0.254	0.226	0.52
0.3	20	0.05	99	500	125	115	260	0.25	0.23	0.52
0.3	20	0.05	100	500	128	130	242	0.256	0.26	0.484
0.3	20	0.05	101	500	116	116	268	0.232	0.232	0.536
0.3	20	0.05	102	500	106	127	267	0.212	0.254	0.534
0.3	20	0.05	103	500	133	131	236	0.266	0.262	0.472
0.3	20	0.05	104	500	121	111	268	0.242	0.222	0.536
0.3	20	0.05	105	500	113	135	252	0.226	0.27	0.504
0.3	20	0.05	106	500	112	126	262	0.224	0.252	0.524
0.3	20	0.05	107	500	118	115	267	0.236	0.23	0.534
0.3	20	0.05	108	500	128	131	241	0.256	0.262	0.482
0.3	20	0.05	109	500	122	117	261	0.244	0.234	0.522
0.3	20	0.05	110	500	111	118	271	0.222	0.236	0.542
0.3	20	0.05	111	500	111	122	267	0.222	0.244	0.534
0.3	20	0.05	112	500	122	124	254	0.244	0.248	0.508
0.3	20	0.05	113	500	128	131	241	0.256	0.262	0.482
0.3	20	0.05	114	500	140	145	215	0.28	0.29	0.43
0.3	20	0.05	115	500	129	136	235	0.258	0.272	0.47
0.3	20	0.05	116	500	134	129	237	0.268	0.258	0.474
0.3	20	0.05	117	500	132	135	233	0.264	0.27	0.466
0.3	20	0.05	118	500	129	113	258	0.258	0.226	0.516
0.3	20	0.05	119	500	139	132	229	0.278	0.264	0.458
0.3	20	0.05	120	500	122	129	249	0.244	0.258	0.498
0.3	20	0.05	121	500	130	135	235	0.26	0.27	0.47
0.3	20	0.05	122	500	137	109	254	0.274	0.218	0.508
0.3	20	0.05	123	500	157	122	221	0.314	0.244	0.442
0.3	20	0.05	124	500	123	130	247	0.246	0.26	0.494
0.3	20	0.05	125	500	104	132	264	0.208	0.264	0.528
0.3	20	0.05	126	500	127	140	233	0.254	0.28	0.466
0.3	20	0.05	127	500	129	123	248	0.258	0.246	0.496
0.3	20	0.05	128	500	136	129	235	0.272	0.258	0.47
0.3	20	0.05	129	500	136	133	231	0.272	0.266	0.462
0.3	20	0.05	130	500	139	128	233	0.278	0.256	0.466
0.3	20	0.05	131	500	120	132	248	0.24	0.264	0.496
0.3	20	0.05	132	500	133	141	226	0.266	0.282	0.452
0.3	20	0.05	133	500	133	142	225	0.266	0.284	0.45
0.3	20	0.05	134	500	140	141	219	0.28	0.282	0.438
0.3	20	0.05	135	500	149	133	218	0.298	0.266	0.436
0.3	20	0.05	136	500	143	137	220	0.286	0.274	0.44
0.3	20	0.05	137	500	122	139	239	0.244	0.278	0.478
0.3	20	0.05	138	500	125	131	244	0.25	0.262	0.488
0.3	20	0.05	139	500	134	137	229	0.268	0.274	0.458
0.3	20	0.05	140	500	132	140	228	0.264	0.28	0.456
0.3	20	0.05	141	500	126	130	244	0.252	0.26	0.488
0.3	20	0.05	142	500	146	145	209	0.292	0.29	0.418
0.3	20	0.05	143	500	146	125	229	0.292	0.25	0.458
0.3	20	0.05	144	500	147	145	208	0.294	0.29	0.416
0.3	20	0.05	145	500	136	143	221	0.272	0.286	0.442
0.3	20	0.05	146	500	151	127	222	0.302	0.254	0.444
0.3	20	0.05	147	500	163	128	209	0.326	0.256	0.418
0.3	20	0.05	148	500	129	142	229	0.258	0.284	0.458
0.3	20	0.05	149	500	141	137	222	0.282	0.274	0.444
0.3	20	0.05	150	500	147	144	209	0.294	0.288	0.418
0.3	20	0.05	151	500	143	132	225	0.286	0.264	0.45
0.3	20	0.05	152	500	135	136	229	0.27	0.272	0.458
0.3	20	0.05	153	500	141	149	210	0.282	0.298	0.42
0.3	20	0.05	154	500	154	131	215	0.308	0.262	0.43
0.3	20	0.05	155	500	141	137	222	0.282	0.274	0.444
0.3	20	0.05	156	500	142	139	219	0.284	0.278	0.438
0.3	20	0.05	157	500	127	122	251	0.254	0.244	0.502
0.3	20	0.05	158	500	146	132	222	0.292	0.264	0.444
0.3	20	0.05	159	500	155	138	207	0.31	0.276	0.414
0.3	20	0.05	160	500	139	144	217	0.278	0.288	0.434
0.3	20	0.05	161	500	127	147	226	0.254	0.294	0.452
0.3	20	0.05	162	500	152	148	200	0.304	0.296	0.4
0.3	20	0.05	163	500	160	140	200	0.32	0.28	0.4
0.3	20	0.05	164	500	146	154	200	0.292	0.308	0.4
0.3	20	0.05	165	500	153	147	200	0.306	0.294	0.4
0.3	20	0.05	166	500	150	149	201	0.3	0.298	0.402
0.3	20	0.05	167	500	153	143	204	0.306	0.286	0.408
0.3	20	0.05	168	500	156	136	208	0.312	0.272	0.416
0.3	20	0.05	169	500	133	147	220	0.266	0.294	0.44
0.3	20	0.05	170	500	158	154	188	0.316	0.308	0.376
0.3	20	0.05	171	500	167	139	194	0.334	0.278	0.388
0.3	20	0.05	172	500	149	148	203	0.298	0.296	0.406
0.3	20	0.05	173	500	153	157	190	0.306	0.314	0.38
0.3	20	0.05	174	500	146	151	203	0.292	0.302	0.406
0.3	20	0.05	175	500	146	142	212	0.292	0.284	0.424
0.3	20	0.05	176	500	163	136	201	0.326	0.272	0.402
0.3	20	0.05	177	500	151	141	208	0.302	0.282	0.416
0.3	20	0.05	178	500	149	147	204	0.298	0.294	0.408
0.3	20	0.05	179	500	141	140	219	0.282	0.28	0.438
0.3	20	0.05	180	500	153	130	217	0.306	0.26	0.434
0.3	20	0.05	181	500	163	133	204	0.326	0.266	0.408
0.3	20	0.05	182	500	150	174	176	0.3	0.348	0.352
0.3	20	0.05	183	500	136	148	216	0.272	0.296	0.432
0.3	20	0.05	184	500	157	147	196	0.314	0.294	0.392
0.3	20	0.05	185	500	131	157	212	0.262	0.314	0.424
0.3	20	0.05	186	500	147	139	214	0.294	0.278	0.428
0.3	20	0.05	187	500	152	148	200	0.304	0.296	0.4
0.3	20	0.05	188	500	139	169	192	0.278	0.338	0.384
0.3	20	0.05	189	500	148	163	189	0.296	0.326	0.378
0.3	20	0.05	190	500	145	165	190	0.29	0.33	0.38
0.3	20	0.05	191	500	148	142	210	0.296	0.284	0.42
0.3	20	0.05	192	500	152	159	189	0.304	0.318	0.378
0.3	20	0.05	193	500	172	140	188	0.344	0.28	0.376
0.3	20	0.05	194	500	147	145	208	0.294	0.29	0.416
0.3	20	0.05	195	500	155	157	188	0.31	0.314	0.376
0.3	20	0.05	196	500	160	162	178	0.32	0.324	0.356
0.3	20	0.05	197	500	147	160	193	0.294	0.32	0.386
0.3	20	0.05	198	500	164	156	180	0.328	0.312	0.36
0.3	20	0.05	199	500	134	160	206	0.268	0.32	0.412
0.3	20	0.05	200	500	176	139	185	0.352	0.278	0.37
0.3	20	0.05	201	500	159	161	180	0.318	0.322	0.36
0.3	20	0.05	202	500	149	152	199	0.298	0.304	0.398
0.3	20	0.05	203	500	169	142	189	0.338	0.284	0.378
0.3	20	0.05	204	500	160	132	208	0.32	0.264	0.416
0.3	20	0.05	205	500	166	153	181	0.332	0.306	0.362
0.3	20	0.05	206	500	151	154	195	0.302	0.308	0.39
0.3	20	0.05	207	500	172	148	180	0.344	0.296	0.36
0.3	20	0.05	208	500	186	130	184	0.372	0.26	0.368
0.3	20	0.05	209	500	155	154	191	0.31	0.308	0.382
0.3	20	0.05	210	500	139	164	197	0.278	0.328	0.394
0.3	20	0.05	211	500	175	143	182	0.35	0.286	0.364
0.3	20	0.05	212	500	166	157	177	0.332	0.314	0.354
0.3	20	0.05	213	500	146	148	206	0.292	0.296	0.412
0.3	20	0.05	214	500	173	146	181	0.346	0.292	0.362
0.3	20	0.05	215	500	172	147	181	0.344	0.294	0.362
0.3	20	0.05	216	500	160	154	186	0.32	0.308	0.372
0.3	20	0.05	217	500	154	158	188	0.308	0.316	0.376
0.3	20	0.05	218	500	149	166	185	0.298	0.332	0.37
0.3	20	0.05	219	500	156	166	178	0.312	0.332	0.356
0.3	20	0.05	220	500	158	170	172	0.316	0.34	0.344
0.3	20	0.05	221	500	163	165	172	0.326	0.33	0.344
0.3	20	0.05	222	500	163	142	195	0.326	0.284	0.39
0.3	20	0.05	223	500	149	155	196	0.298	0.31	0.392
0.3	20	0.05	224	500	151	155	194	0.302	0.31	0.388
0.3	20	0.05	225	500	173	138	189	0.346	0.276	0.378
0.3	20	0.05	226	500	162	151	187	0.324	0.302	0.374
0.3	20	0.05	227	500	155	155	190	0.31	0.31	0.38
0.3	20	0.05	228	500	164	165	171	0.328	0.33	0.342
0.3	20	0.05	229	500	173	149	178	0.346	0.298	0.356
0.3	20	0.05	230	500	161	162	177	0.322	0.324	0.354
0.3	20	0.05	231	500	164	162	174	0.328	0.324	0.348
0.3	20	0.05	232	500	160	159	181	0.32	0.318	0.362
0.3	20	0.05	233	500	160	151	189	0.32	0.302	0.378
0.3	20	0.05	234	500	153	160	187	0.306	0.32	0.374
0.3	20	0.05	235	500	162	158	180	0.324	0.316	0.36
0.3	20	0.05	236	500	155	173	172	0.31	0.346	0.344
0.3	20	0.05	237	500	164	166	170	0.328	0.332	0.34
0.3	20	0.05	238	500	153	156	191	0.306	0.312	0.382
0.3	20	0.05	239	500	174	150	176	0.348	0.3	0.352
0.3	20	0.05	240	500	158	168	174	0.316	0.336	0.348
0.3	20	0.05	241	500	180	154	166	0.36	0.308	0.332
0.3	20	0.05	242	500	155	180	165	0.31	0.36	0.33
0.3	20	0.05	243	500	170	162	168	0.34	0.324	0.336
0.3	20	0.05	244	500	165	165	170	0.33	0.33	0.34
0.3	20	0.05	245	500	150	167	183	0.3	0.334	0.366
0.3	20	0.05	246	500	158	172	170	0.316	0.344	0.34
0.3	20	0.05	247	500	158	172	170	0.316	0.344	0.34
0.3	20	0.05	248	500	164	171	165	0.328	0.342	0.33
0.3	20	0.05	249	500	150	171	179	0.3	0.342	0.358
0.3	20	0.05	250	500	156	175	169	0.312	0.35	0.338
0.3	20	0.05	251	500	166	178	156	0.332	0.356	0.312
0.3	20	0.05	252	500	170	170	160	0.34	0.34	0.32
0.3	20	0.05	253	500	158	166	176	0.316	0.332	0.352
0.3	20	0.05	254	500	156	161	183	0.312	0.322	0.366
0.3	20	0.05	255	500	173	164	163	0.346	0.328	0.326
0.3	20	0.05	256	500	191	142	167	0.382	0.284	0.334
0.3	20	0.05	257	500	163	156	181	0.326	0.312	0.362
0.3	20	0.05	258	500	141	185	174	0.282	0.37	0.348
0.3	20	0.05	259	500	162	181	157	0.324	0.362	0.314
0.3	20	0.05	260	500	159	161	180	0.318	0.322	0.36
0.3	20	0.05	261	500	165	168	167	0.33	0.336	0.334
0.3	20	0.05	262	500	169	171	160	0.338	0.342	0.32
0.3	20	0.05	263	500	172	156	172	0.344	0.312	0.344
0.3	20	0.05	264	500	166	161	173	0.332	0.322	0.346
0.3	20	0.05	265	500	188	166	146	0.376	0.332	0.292
0.3	20	0.05	266	500	168	165	167	0.336	0.33	0.334
0.3	20	0.05	267	500	184	153	163	0.368	0.306	0.326
0.3	20	0.05	268	500	159	181	160	0.318	0.362	0.32
0.3	20	0.05	269	500	166	166	168	0.332	0.332	0.336
0.3	20	0.05	270	500	161	149	190	0.322	0.298	0.38
0.3	20	0.05	271	500	157	183	160	0.314	0.366	0.32
0.3	20	0.05	272	500	161	174	165	0.322	0.348	0.33
0.3	20	0.05	273	500	182	178	140	0.364	0.356	0.28
0.3	20	0.05	274	500	176	153	171	0.352	0.306	0.342
0.3	20	0.05	275	500	163	174	163	0.326	0.348	0.326
0.3	20	0.05	276	500	165	183	152	0.33	0.366	0.304
0.3	20	0.05	277	500	167	162	171	0.334	0.324	0.342
0.3	20	0.05	278	500	165	172	163	0.33	0.344	0.326
0.3	20	0.05	279	500	159	176	165	0.318	0.352	0.33
0.3	20	0.05	280	500	162	164	174	0.324	0.328	0.348
0.3	20	0.05	281	500	170	171	159	0.34	0.342	0.318
0.3	20	0.05	282	500	171	168	161	0.342	0.336	0.322
0.3	20	0.05	283	500	176	160	164	0.352	0.32	0.328
0.3	20	0.05	284	500	169	155	176	0.338	0.31	0.352
0.3	20	0.05	285	500	159	176	165	0.318	0.352	0.33
0.3	20	0.05	286	500	172	149	179	0.344	0.298	0.358
0.3	20	0.05	287	500	186	168	146	0.372	0.336	0.292
0.3	20	0.05	288	500	168	169	163	0.336	0.338	0.326
0.3	20	0.05	289	500	176	159	165	0.352	0.318	0.33
0.3	20	0.05	290	500	171	156	173	0.342	0.312	0.346
0.3	20	0.05	291	500	153	159	188	0.306	0.318	0.376
0.3	20	0.05	292	500	165	186	149	0.33	0.372	0.298
0.3	20	0.05	293	500	156	181	163	0.312	0.362	0.326
0.3	20	0.05	294	500	168	159	173	0.336	0.318	0.346
0.3	20	0.05	295	500	168	177	155	0.336	0.354	0.31
0.3	20	0.05	296	500	168	161	171	0.336	0.322	0.342
0.3	20	0.05	297	500	169	171	160	0.338	0.342	0.32
0.3	20	0.05	298	500	181	153	166	0.362	0.306	0.332
0.3	20	0.05	299	500	158	177	165	0.316	0.354	0.33
0.3	20	0.05	300	500	170	177	153	0.34	0.354	0.306
0.3	20	0.05	301	500	174	178	148	0.348	0.356	0.296
0.3	20	0.05	302	500	192	147	161	0.384	0.294	0.322
0.3	20	0.05	303	500	179	171	150	0.358	0.342	0.3
0.3	20	0.05	304	500	172	176	152	0.344	0.352	0.304
0.3	20	0.05	305	500	163	175	162	0.326	0.35	0.324
0.3	20	0.05	306	500	176	177	147	0.352	0.354	0.294
0.3	20	0.05	307	500	169	176	155	0.338	0.352	0.31
0.3	20	0.05	308	500	160	175	165	0.32	0.35	0.33
0.3	20	0.05	309	500	180	155	165	0.36	0.31	0.33
0.3	20	0.05	310	500	173	168	159	0.346	0.336	0.318
0.3	20	0.05	311	500	167	182	151	0.334	0.364	0.302
0.3	20	0.05	312	500	171	161	168	0.342	0.322	0.336
0.3	20	0.05	313	500	156	194	150	0.312	0.388	0.3
0.3	20	0.05	314	500	176	154	170	0.352	0.308	0.34
0.3	20	0.05	315	500	168	178	154	0.336	0.356	0.308
0.3	20	0.05	316	500	176	175	149	0.352	0.35	0.298
0.3	20	0.05	317	500	173	169	158	0.346	0.338	0.316
0.3	20	0.05	318	500	166	174	160	0.332	0.348	0.32
0.3	20	0.05	319	500	166	175	159	0.332	0.35	0.318
0.3	20	0.05	320	500	182	171	147	0.364	0.342	0.294
0.3	20	0.05	321	500	167	193	140	0.334	0.386	0.28
0.3	20	0.05	322	500	176	168	156	0.352	0.336	0.312
0.3	20	0.05	323	500	182	181	137	0.364	0.362	0.274
0.3	20	0.05	324	500	180	185	135	0.36	0.37	0.27
0.3	20	0.05	325	500	180	171	149	0.36	0.342	0.298
0.3	20	0.05	326	500	187	168	145	0.374	0.336	0.29
0.3	20	0.05	327	500	181	158	161	0.362	0.316	0.322
0.3	20	0.05	328	500	178	168	154	0.356	0.336	0.308
0.3	20	0.05	329	500	182	160	158	0.364	0.32	0.316
0.3	20	0.05	330	500	171	177	152	0.342	0.354	0.304
0.3	20	0.05	331	500	170	178	152	0.34	0.356	0.304
0.3	20	0.05	332	500	163	166	171	0.326	0.332	0.342
0.3	20	0.05	333	500	176	175	149	0.352	0.35	0.298
0.3	20	0.05	334	500	192	160	148	0.384	0.32	0.296
0.3	20	0.05	335	500	176	166	158	0.352	0.332	0.316
0.3	20	0.05	336	500	174	181	145	0.348	0.362	0.29
0.3	20	0.05	337	500	178	180	142	0.356	0.36	0.284
0.3	20	0.05	338	500	160	188	152	0.32	0.376	0.304
0.3	20	0.05	339	500	176	183	141	0.352	0.366	0.282
0.3	20	0.05	340	500	178	163	159	0.356	0.326	0.318
0.3	20	0.05	341	500	175	178	147	0.35	0.356	0.294
0.3	20	0.05	342	500	166	169	165	0.332	0.338	0.33
0.3	20	0.05	343	500	182	175	143	0.364	0.35	0.286
0.3	20	0.05	344	500	180	169	151	0.36	0.338	0.302
0.3	20	0.05	345	500	169	187	144	0.338	0.374	0.288
0.3	20	0.05	346	500	165	199	136	0.33	0.398	0.272
0.3	20	0.05	347	500	170	176	154	0.34	0.352	0.308
0.3	20	0.05	348	500	162	171	167	0.324	0.342	0.334
0.3	20	0.05	349	500	182	169	149	0.364	0.338	0.298
0.3	20	0.05	350	500	185	182	133	0.37	0.364	0.266
0.3	20	0.05	351	500	188	167	145	0.376	0.334	0.29
0.3	20	0.05	352	500	157	189	154	0.314	0.378	0.308
0.3	20	0.05	353	500	156	186	158	0.312	0.372	0.316
0.3	20	0.05	354	500	179	177	144	0.358	0.354	0.288
0.3	20	0.05	355	500	162	167	171	0.324	0.334	0.342
0.3	20	0.05	356	500	189	159	152	0.378	0.318	0.304
0.3	20	0.05	357	500	176	186	138	0.352	0.372	0.276
0.3	20	0.05	358	500	149	196	155	0.298	0.392	0.31
0.3	20	0.05	359	500	194	165	141	0.388	0.33	0.282
0.3	20	0.05	360	500	174	192	134	0.348	0.384	0.268
0.3	20	0.05	361	500	159	180	161	0.318	0.36	0.322
0.3	20	0.05	362	500	175	184	141	0.35	0.368	0.282
0.3	20	0.05	363	500	190	160	150	0.38	0.32	0.3
0.3	20	0.05	364	500	191	168	141	0.382	0.336	0.282
0.3	20	0.05	365	500	171	180	149	0.342	0.36	0.298
0.3	20	0.05	366	500	184	179	137	0.368	0.358	0.274
0.3	20	0.05	367	500	164	185	151	0.328	0.37	0.302
0.3	20	0.05	368	500	186	168	146	0.372	0.336	0.292
0.3	20	0.05	369	500	181	181	138	0.362	0.362	0.276
0.3	20	0.05	370	500	183	160	157	0.366	0.32	0.314
0.3	20	0.05	371	500	170	180	150	0.34	0.36	0.3
0.3	20	0.05	372	500	188	181	131	0.376	0.362	0.262
0.3	20	0.05	373	500	174	185	141	0.348	0.37	0.282
0.3	20	0.05	374	500	170	180	150	0.34	0.36	0.3
0.3	20	0.05	375	500	173	179	148	0.346	0.358	0.296
0.3	20	0.05	376	500	179	179	142	0.358	0.358	0.284
0.3	20	0.05	377	500	176	174	150	0.352	0.348	0.3
0.3	20	0.05	378	500	192	170	138	0.384	0.34	0.276
0.3	20	0.05	379	500	183	183	134	0.366	0.366	0.268
0.3	20	0.05	380	500	188	175	137	0.376	0.35	0.274
0.3	20	0.05	381	500	168	166	166	0.336	0.332	0.332
0.3	20	0.05	382	500	191	182	127	0.382	0.364	0.254
0.3	20	0.05	383	500	183	170	147	0.366	0.34	0.294
0.3	20	0.05	384	500	182	181	137	0.364	0.362	0.274
0.3	20	0.05	385	500	186	176	138	0.372	0.352	0.276
0.3	20	0.05	386	500	165	198	137	0.33	0.396	0.274
0.3	20	0.05	387	500	174	202	124	0.348	0.404	0.248
0.3	20	0.05	388	500	183	187	130	0.366	0.374	0.26
0.3	20	0.05	389	500	180	187	133	0.36	0.374	0.266
0.3	20	0.05	390	500	194	178	128	0.388	0.356	0.256
0.3	20	0.05	391	500	179	187	134	0.358	0.374	0.268
0.3	20	0.05	392	500	170	182	148	0.34	0.364	0.296
0.3	20	0.05	393	500	177	186	137	0.354	0.372	0.274
0.3	20	0.05	394	500	171	185	144	0.342	0.37	0.288
0.3	20	0.05	395	500	159	202	139	0.318	0.404	0.278
0.3	20	0.05	396	500	178	190	132	0.356	0.38	0.264
0.3	20	0.05	397	500	185	181	134	0.37	0.362	0.268
0.3	20	0.05	398	500	188	174	138	0.376	0.348	0.276
0.3	20	0.05	399	500	177	181	142	0.354	0.362	0.284
0.3	20	0.05	400	500	177	176	147	0.354	0.352	0.294
0.3	20	0.05	401	500	185	189	126	0.37	0.378	0.252
0.3	20	0.05	402	500	192	165	143	0.384	0.33	0.286
0.3	20	0.05	403	500	179	188	133	0.358	0.376	0.266
0.3	20	0.05	404	500	204	168	128	0.408	0.336	0.256
0.3	20	0.05	405	500	172	189	139	0.344	0.378	0.278
0.3	20	0.05	406	500	166	185	149	0.332	0.37	0.298
0.3	20	0.05	407	500	206	164	130	0.412	0.328	0.26
0.3	20	0.05	408	500	182	185	133	0.364	0.37	0.266
0.3	20	0.05	409	500	165	180	155	0.33	0.36	0.31
0.3	20	0.05	410	500	184	174	142	0.368	0.348	0.284
0.3	20	0.05	411	500	185	171	144	0.37	0.342	0.288
0.3	20	0.05	412	500	161	196	143	0.322	0.392	0.286
0.3	20	0.05	413	500	179	189	132	0.358	0.378	0.264
0.3	20	0.05	414	500	185	184	131	0.37	0.368	0.262
0.3	20	0.05	415	500	201	168	131	0.402	0.336	0.262
0.3	20	0.05	416	500	166	184	150	0.332	0.368	0.3
0.3	20	0.05	417	500	193	182	125	0.386	0.364	0.25
0.3	20	0.05	418	500	188	174	138	0.376	0.348	0.276
0.3	20	0.05	419	500	196	163	141	0.392	0.326	0.282
0.3	20	0.05	420	500	174	178	148	0.348	0.356	0.296
0.3	20	0.05	421	500	180	185	135	0.36	0.37	0.27
0.3	20	0.05	422	500	187	183	130	0.374	0.366	0.26
0.3	20	0.05	423	500	158	204	138	0.316	0.408	0.276
0.3	20	0.05	424	500	177	202	121	0.354	0.404	0.242
0.3	20	0.05	425	500	177	180	143	0.354	0.36	0.286
0.3	20	0.05	426	500	184	192	124	0.368	0.384	0.248
0.3	20	0.05	427	500	193	178	129	0.386	0.356	0.258
0.3	20	0.05	428	500	196	172	132	0.392	0.344	0.264
0.3	20	0.05	429	500	188	180	132	0.376	0.36	0.264
0.3	20	0.05	430	500	161	173	166	0.322	0.346	0.332
0.3	20	0.05	431	500	169	178	153	0.338	0.356	0.306
0.3	20	0.05	432	500	182	184	134	0.364	0.368	0.268
0.3	20	0.05	433	500	185	188	127	0.37	0.376	0.254
0.3	20	0.05	434	500	215	164	121	0.43	0.328	0.242
0.3	20	0.05	435	500	201	167	132	0.402	0.334	0.264
0.3	20	0.05	436	500	180	175	145	0.36	0.35	0.29
0.3	20	0.05	437	500	190	169	141	0.38	0.338	0.282
0.3	20	0.05	438	500	178	184	138	0.356	0.368	0.276
0.3	20	0.05	439	500	198	190	112	0.396	0.38	0.224
0.3	20	0.05	440	500	186	197	117	0.372	0.394	0.234
0.3	20	0.05	441	500	188	191	121	0.376	0.382	0.242
0.3	20	0.05	442	500	175	188	137	0.35	0.376	0.274
0.3	20	0.05	443	500	169	209	122	0.338	0.418	0.244
0.3	20	0.05	444	500	189	175	136	0.378	0.35	0.272
0.3	20	0.05	445	500	187	175	138	0.374	0.35	0.276
0.3	20	0.05	446	500	191	189	120	0.382	0.378	0.24
0.3	20	0.05	447	500	202	173	125	0.404	0.346	0.25
0.3	20	0.05	448	500	185	192	123	0.37	0.384	0.246
0.3	20	0.05	449	500	185	185	130	0.37	0.37	0.26
0.3	20	0.05	450	500	194	185	121	0.388	0.37	0.242
0.3	20	0.05	451	500	195	178	127	0.39	0.356	0.254
0.3	20	0.05	452	500	177	190	133	0.354	0.38	0.266
0.3	20	0.05	453	500	182	183	135	0.364	0.366	0.27
0.3	20	0.05	454	500	192	184	124	0.384	0.368	0.248
0.3	20	0.05	455	500	172	185	143	0.344	0.37	0.286
0.3	20	0.05	456	500	198	170	132	0.396	0.34	0.264
0.3	20	0.05	457	500	169	197	134	0.338	0.394	0.268
0.3	20	0.05	458	500	171	189	140	0.342	0.378	0.28
0.3	20	0.05	459	500	166	178	156	0.332	0.356	0.312
0.3	20	0.05	460	500	189	192	119	0.378	0.384	0.238
0.3	20	0.05	461	500	194	194	112	0.388	0.388	0.224
0.3	20	0.05	462	500	179	185	136	0.358	0.37	0.272
0.3	20	0.05	463	500	197	180	123	0.394	0.36	0.246
0.3	20	0.05	464	500	190	165	145	0.38	0.33	0.29
0.3	20	0.05	465	500	195	182	123	0.39	0.364	0.246
0.3	20	0.05	466	500	192	192	116	0.384	0.384	0.232
0.3	20	0.05	467	500	193	177	130	0.386	0.354	0.26
0.3	20	0.05	468	500	182	207	111	0.364	0.414	0.222
0.3	20	0.05	469	500	207	189	104	0.414	0.378	0.208
0.3	20	0.05	470	500	188	198	114	0.376	0.396	0.228
0.3	20	0.05	471	500	173	189	138	0.346	0.378	0.276
0.3	20	0.05	472	500	180	192	128	0.36	0.384	0.256
0.3	20	0.05	473	500	187	178	135	0.374	0.356	0.27
0.3	20	0.05	474	500	196	190	114	0.392	0.38	0.228
0.3	20	0.05	475	500	199	192	109	0.398	0.384	0.218
0.3	20	0.05	476	500	201	192	107	0.402	0.384	0.214
0.3	20	0.05	477	500	185	196	119	0.37	0.392	0.238
0.3	20	0.05	478	500	191	189	120	0.382	0.378	0.24
0.3	20	0.05	479	500	211	181	108	0.422	0.362	0.216
0.3	20	0.05	480	500	199	187	114	0.398	0.374	0.228
0.3	20	0.05	481	500	196	179	125	0.392	0.358	0.25
0.3	20	0.05	482	500	180	189	131	0.36	0.378	0.262
0.3	20	0.05	483	500	180	212	108	0.36	0.424	0.216
0.3	20	0.05	484	500	183	211	106	0.366	0.422	0.212
0.3	20	0.05	485	500	206	167	127	0.412	0.334	0.254
0.3	20	0.05	486	500	197	184	119	0.394	0.368	0.238
0.3	20	0.05	487	500	184	180	136	0.368	0.36	0.272
0.3	20	0.05	488	500	180	196	124	0.36	0.392	0.248
0.3	20	0.05	489	500	180	174	146	0.36	0.348	0.292
0.3	20	0.05	490	500	182	192	126	0.364	0.384	0.252
0.3	20	0.05	491	500	175	194	131	0.35	0.388	0.262
0.3	20	0.05	492	500	194	188	118	0.388	0.376	0.236
0.3	20	0.05	493	500	188	189	123	0.376	0.378	0.246
0.3	20	0.05	494	500	180	196	124	0.36	0.392	0.248
0.3	20	0.05	495	500	186	189	125	0.372	0.378	0.25
0.3	20	0.05	496	500	179	172	149	0.358	0.344	0.298
0.3	20	0.05	497	500	186	188	126	0.372	0.376	0.252
0.3	20	0.05	498	500	180	193	127	0.36	0.386	0.254
0.3	20	0.05	499	500	189	185	126	0.378	0.37	0.252
0.3	20	0.05	500	500	188	181	131	0.376	0.362	0.262
0.3	20	0.05	501	500	183	190	127	0.366	0.38	0.254
0.3	20	0.05	502	500	198	191	111	0.396	0.382	0.222
0.3	20	0.05	503	500	181	190	129	0.362	0.38	0.258
0.3	20	0.05	504	500	177	185	138	0.354	0.37	0.276
0.3	20	0.05	505	500	203	189	108	0.406	0.378	0.216
0.3	20	0.05	506	500	182	201	117	0.364	0.402	0.234
0.3	20	0.05	507	500	178	204	118	0.356	0.408	0.236
0.3	20	0.05	508	500	187	181	132	0.374	0.362	0.264
0.3	20	0.05	509	500	174	196	130	0.348	0.392	0.26
0.3	20	0.05	510	500	202	178	120	0.404	0.356	0.24
0.3	20	0.05	511	500	187	184	129	0.374	0.368	0.258
0.3	20	0.05	512	500	186	190	124	0.372	0.38	0.248
0.3	20	0.05	513	500	204	174	122	0.408	0.348	0.244
0.3	20	0.05	514	500	189	190	121	0.378	0.38	0.242
0.3	20	0.05	515	500	189	190	121	0.378	0.38	0.242
0.3	20	0.05	516	500	177	184	139	0.354	0.368	0.278
0.3	20	0.05	517	500	176	205	119	0.352	0.41	0.238
0.3	20	0.05	518	500	210	170	120	0.42	0.34	0.24
0.3	20	0.05	519	500	188	209	103	0.376	0.418	0.206
0.3	20	0.05	520	500	176	182	142	0.352	0.364	0.284
0.3	20	0.05	521	500	194	187	119	0.388	0.374	0.238
0.3	20	0.05	522	500	186	193	121	0.372	0.386	0.242
0.3	20	0.05	523	500	211	179	110	0.422	0.358	0.22
0.3	20	0.05	524	500	181	186	133	0.362	0.372	0.266
0.3	20	0.05	525	500	201	181	118	0.402	0.362	0.236
0.3	20	0.05	526	500	190	168	142	0.38	0.336	0.284
0.3	20	0.05	527	500	185	174	141	0.37	0.348	0.282
0.3	20	0.05	528	500	199	179	122	0.398	0.358	0.244
0.3	20	0.05	529	500	194	165	141	0.388	0.33	0.282
0.3	20	0.05	530	500	188	195	117	0.376	0.39	0.234
0.3	20	0.05	531	500	172	214	114	0.344	0.428	0.228
0.3	20	0.05	532	500	192	170	138	0.384	0.34	0.276
0.3	20	0.05	533	500	193	195	112	0.386	0.39	0.224
0.3	20	0.05	534	500	198	192	110	0.396	0.384	0.22
0.3	20	0.05	535	500	207	180	113	0.414	0.36	0.226
0.3	20	0.05	536	500	185	194	121	0.37	0.388	0.242
0.3	20	0.05	537	500	183	212	105	0.366	0.424	0.21
0.3	20	0.05	538	500	199	183	118	0.398	0.366	0.236
0.3	20	0.05	539	500	187	184	129	0.374	0.368	0.258
0.3	20	0.05	540	500	189	180	131	0.378	0.36	0.262
0.3	20	0.05	541	500	183	196	121	0.366	0.392	0.242
0.3	20	0.05	542	500	182	197	121	0.364	0.394	0.242
0.3	20	0.05	543	500	185	194	121	0.37	0.388	0.242
0.3	20	0.05	544	500	184	191	125	0.368	0.382	0.25
0.3	20	0.05	545	500	192	187	121	0.384	0.374	0.242
0.3	20	0.05	546	500	201	171	128	0.402	0.342	0.256
0.3	20	0.05	547	500	205	180	115	0.41	0.36	0.23
0.3	20	0.05	548	500	176	203	121	0.352	0.406	0.242
0.3	20	0.05	549	500	198	196	106	0.396	0.392	0.212
0.3	20	0.05	550	500	187	209	104	0.374	0.418	0.208
0.3	20	0.05	551	500	214	184	102	0.428	0.368	0.204
0.3	20	0.05	552	500	204	170	126	0.408	0.34	0.252
0.3	20	0.05	553	500	180	213	107	0.36	0.426	0.214
0.3	20	0.05	554	500	179	205	116	0.358	0.41	0.232
0.3	20	0.05	555	500	195	181	124	0.39	0.362	0.248
0.3	20	0.05	556	500	190	183	127	0.38	0.366	0.254
0.3	20	0.05	557	500	199	182	119	0.398	0.364	0.238
0.3	20	0.05	558	500	203	179	118	0.406	0.358	0.236
0.3	20	0.05	559	500	189	200	111	0.378	0.4	0.222
0.3	20	0.05	560	500	196	202	102	0.392	0.404	0.204
0.3	20	0.05	561	500	193	194	113	0.386	0.388	0.226
0.3	20	0.05	562	500	181	181	138	0.362	0.362	0.276
0.3	20	0.05	563	500	186	189	125	0.372	0.378	0.25
0.3	20	0.05	564	500	200	186	114	0.4	0.372	0.228
0.3	20	0.05	565	500	186	201	113	0.372	0.402	0.226
0.3	20	0.05	566	500	188	205	107	0.376	0.41	0.214
0.3	20	0.05	567	500	181	207	112	0.362	0.414	0.224
0.3	20	0.05	568	500	188	198	114	0.376	0.396	0.228
0.3	20	0.05	569	500	195	182	123	0.39	0.364	0.246
0.3	20	0.05	570	500	193	181	126	0.386	0.362	0.252
0.3	20	0.05	571	500	174	202	124	0.348	0.404	0.248
0.3	20	0.05	572	500	194	187	119	0.388	0.374	0.238
0.3	20	0.05	573	500	184	179	137	0.368	0.358	0.274
0.3	20	0.05	574	500	183	192	125	0.366	0.384	0.25
0.3	20	0.05	575	500	203	181	116	0.406	0.362	0.232
0.3	20	0.05	576	500	187	205	108	0.374	0.41	0.216
0.3	20	0.05	577	500	190	188	122	0.38	0.376	0.244
0.3	20	0.05	578	500	215	175	110	0.43	0.35	0.22
0.3	20	0.05	579	500	198	196	106	0.396	0.392	0.212
0.3	20	0.05	580	500	196	178	126	0.392	0.356	0.252
0.3	20	0.05	581	500	199	188	113	0.398	0.376	0.226
0.3	20	0.05	582	500	194	194	112	0.388	0.388	0.224
0.3	20	0.05	583	500	199	187	114	0.398	0.374	0.228
0.3	20	0.05	584	500	204	192	104	0.408	0.384	0.208
0.3	20	0.05	585	500	195	193	112	0.39	0.386	0.224
0.3	20	0.05	586	500	191	192	117	0.382	0.384	0.234
0.3	20	0.05	587	500	195	193	112	0.39	0.386	0.224
0.3	20	0.05	588	500	174	218	108	0.348	0.436	0.216
0.3	20	0.05	589	500	197	183	120	0.394	0.366	0.24
0.3	20	0.05	590	500	197	187	116	0.394	0.374	0.232
0.3	20	0.05	591	500	192	188	120	0.384	0.376	0.24
0.3	20	0.05	592	500	190	191	119	0.38	0.382	0.238
0.3	20	0.05	593	500	191	191	118	0.382	0.382	0.236
0.3	20	0.05	594	500	180	202	118	0.36	0.404	0.236
0.3	20	0.05	595	500	184	193	123	0.368	0.386	0.246
0.3	20	0.05	596	500	199	176	125	0.398	0.352	0.25
0.3	20	0.05	597	500	169	197	134	0.338	0.394	0.268
0.3	20	0.05	598	500	193	189	118	0.386	0.378	0.236
0.3	20	0.05	599	500	206	191	103	0.412	0.382	0.206
0.3	20	0.05	600	500	210	174	116	0.42	0.348	0.232
0.3	20	0.05	601	500	195	171	134	0.39	0.342	0.268
0.3	20	0.05	602	500	207	198	95	0.414	0.396	0.19
0.3	20	0.05	603	500	195	199	106	0.39	0.398	0.212
0.3	20	0.05	604	500	186	188	126	0.372	0.376	0.252
0.3	20	0.05	605	500	173	207	120	0.346	0.414	0.24
0.3	20	0.05	606	500	191	199	110	0.382	0.398	0.22
0.3	20	0.05	607	500	208	180	112	0.416	0.36	0.224
0.3	20	0.05	608	500	205	183	112	0.41	0.366	0.224
0.3	20	0.05	609	500	195	189	116	0.39	0.378	0.232
0.3	20	0.05	610	500	195	195	110	0.39	0.39	0.22
0.3	20	0.05	611	500	197	194	109	0.394	0.388	0.218
0.3	20	0.05	612	500	210	169	121	0.42	0.338	0.242
0.3	20	0.05	613	500	197	185	118	0.394	0.37	0.236
0.3	20	0.05	614	500	191	199	110	0.382	0.398	0.22
0.3	20	0.05	615	500	186	199	115	0.372	0.398	0.23
0.3	20	0.05	616	500	181	201	118	0.362	0.402	0.236
0.3	20	0.05	617	500	199	178	123	0.398	0.356	0.246
0.3	20	0.05	618	500	203	196	101	0.406	0.392	0.202
0.3	20	0.05	619	500	185	201	114	0.37	0.402	0.228
0.3	20	0.05	620	500	202	183	115	0.404	0.366	0.23
0.3	20	0.05	621	500	196	184	120	0.392	0.368	0.24
0.3	20	0.05	622	500	176	208	116	0.352	0.416	0.232
0.3	20	0.05	623	500	197	189	114	0.394	0.378	0.228
0.3	20	0.05	624	500	197	179	124	0.394	0.358	0.248
0.3	20	0.05	625	500	186	208	106	0.372	0.416	0.212
0.3	20	0.05	626	500	181	209	110	0.362	0.418	0.22
0.3	20	0.05	627	500	182	206	112	0.364	0.412	0.224
0.3	20	0.05	628	500	205	197	98	0.41	0.394	0.196
0.3	20	0.05	629	500	191	200	109	0.382	0.4	0.218
0.3	20	0.05	630	500	195	207	98	0.39	0.414	0.196
0.3	20	0.05	631	500	184	205	111	0.368	0.41	0.222
0.3	20	0.05	632	500	187	198	115	0.374	0.396	0.23
0.3	20	0.05	633	500	196	202	102	0.392	0.404	0.204
0.3	20	0.05	634	500	208	192	100	0.416	0.384	0.2
0.3	20	0.05	635	500	186	205	109	0.372	0.41	0.218
0.3	20	0.05	636	500	194	197	109	0.388	0.394	0.218
0.3	20	0.05	637	500	198	179	123	0.396	0.358	0.246
0.3	20	0.05	638	500	194	204	102	0.388	0.408	0.204
0.3	20	0.05	639	500	186	203	111	0.372	0.406	0.222
0.3	20	0.05	640	500	205	201	94	0.41	0.402	0.188
0.3	20	0.05	641	500	207	174	119	0.414	0.348	0.238
0.3	20	0.05	642	500	204	174	122	0.408	0.348	0.244
0.3	20	0.05	643	500	190	209	101	0.38	0.418	0.202
0.3	20	0.05	644	500	182	217	101	0.364	0.434	0.202
0.3	20	0.05	645	500	199	190	111	0.398	0.38	0.222
0.3	20	0.05	646	500	201	195	104	0.402	0.39	0.208
0.3	20	0.05	647	500	199	188	113	0.398	0.376	0.226
0.3	20	0.05	648	500	200	202	98	0.4	0.404	0.196
0.3	20	0.05	649	500	210	184	106	0.42	0.368	0.212
0.3	20	0.05	650	500	201	194	105	0.402	0.388	0.21
0.3	20	0.05	651	500	185	214	101	0.37	0.428	0.202
0.3	20	0.05	652	500	205	201	94	0.41	0.402	0.188
0.3	20	0.05	653	500	192	206	102	0.384	0.412	0.204
0.3	20	0.05	654	500	195	186	119	0.39	0.372	0.238
0.3	20	0.05	655	500	183	193	124	0.366	0.386	0.248
0.3	20	0.05	656	500	211	180	109	0.422	0.36	0.218
0.3	20	0.05	657	500	199	177	124	0.398	0.354	0.248
0.3	20	0.05	658	500	211	197	92	0.422	0.394	0.184
0.3	20	0.05	659	500	201	204	95	0.402	0.408	0.19
0.3	20	0.05	660	500	190	195	115	0.38	0.39	0.23
0.3	20	0.05	661	500	208	181	111	0.416	0.362	0.222
0.3	20	0.05	662	500	196	195	109	0.392	0.39	0.218
0.3	20	0.05	663	500	202	206	92	0.404	0.412	0.184
0.3	20	0.05	664	500	211	198	91	0.422	0.396	0.182
0.3	20	0.05	665	500	208	192	100	0.416	0.384	0.2
0.3	20	0.05	666	500	207	191	102	0.414	0.382	0.204
0.3	20	0.05	667	500	180	202	118	0.36	0.404	0.236
0.3	20	0.05	668	500	196	207	97	0.392	0.414	0.194
0.3	20	0.05	669	500	210	192	98	0.42	0.384	0.196
0.3	20	0.05	670	500	190	197	113	0.38	0.394	0.226
0.3	20	0.05	671	500	215	179	106	0.43	0.358	0.212
0.3	20	0.05	672	500	212	196	92	0.424	0.392	0.184
0.3	20	0.05	673	500	205	181	114	0.41	0.362	0.228
0.3	20	0.05	674	500	203	208	89	0.406	0.416	0.178
0.3	20	0.05	675	500	204	203	93	0.408	0.406	0.186
0.3	20	0.05	676	500	194	199	107	0.388	0.398	0.214
0.3	20	0.05	677	500	206	193	101	0.412	0.386	0.202
0.3	20	0.05	678	500	186	218	96	0.372	0.436	0.192
0.3	20	0.05	679	500	181	218	101	0.362	0.436	0.202
0.3	20	0.05	680	500	217	185	98	0.434	0.37	0.196
0.3	20	0.05	681	500	189	205	106	0.378	0.41	0.212
0.3	20	0.05	682	500	195	199	106	0.39	0.398	0.212
0.3	20	0.05	683	500	185	204	111	0.37	0.408	0.222
0.3	20	0.05	684	500	199	184	117	0.398	0.368	0.234
0.3	20	0.05	685	500	199	197	104	0.398	0.394	0.208
0.3	20	0.05	686	500	188	210	102	0.376	0.42	0.204
0.3	20	0.05	687	500	206	191	103	0.412	0.382	0.206
0.3	20	0.05	688	500	183	208	109	0.366	0.416	0.218
0.3	20	0.05	689	500	211	185	104	0.422	0.37	0.208
0.3	20	0.05	690	500	203	192	105	0.406	0.384	0.21
0.3	20	0.05	691	500	200	191	109	0.4	0.382	0.218
0.3	20	0.05	692	500	202	193	105	0.404	0.386	0.21
0.3	20	0.05	693	500	177	202	121	0.354	0.404	0.242
0.3	20	0.05	694	500	191	187	122	0.382	0.374	0.244
0.3	20	0.05	695	500	185	211	104	0.37	0.422	0.208
0.3	20	0.05	696	500	201	194	105	0.402	0.388	0.21
0.3	20	0.05	697	500	201	188	111	0.402	0.376	0.222
0.3	20	0.05	698	500	196	197	107	0.392	0.394	0.214
0.3	20	0.05	699	500	179	201	120	0.358	0.402	0.24
0.3	20	0.05	700	500	199	198	103	0.398	0.396	0.206
0.3	20	0.05	701	500	176	204	120	0.352	0.408	0.24
0.3	20	0.05	702	500	193	188	119	0.386	0.376	0.238
0.3	20	0.05	703	500	188	198	114	0.376	0.396	0.228
0.3	20	0.05	704	500	200	196	104	0.4	0.392	0.208
0.3	20	0.05	705	500	198	213	89	0.396	0.426	0.178
0.3	20	0.05	706	500	203	196	101	0.406	0.392	0.202
0.3	20	0.05	707	500	200	195	105	0.4	0.39	0.21
0.3	20	0.05	708	500	198	193	109	0.396	0.386	0.218
0.3	20	0.05	709	500	189	211	100	0.378	0.422	0.2
0.3	20	0.05	710	500	200	200	100	0.4	0.4	0.2
0.3	20	0.05	711	500	207	189	104	0.414	0.378	0.208
0.3	20	0.05	712	500	204	216	80	0.408	0.432	0.16
0.3	20	0.05	713	500	220	181	99	0.44	0.362	0.198
0.3	20	0.05	714	500	188	203	109	0.376	0.406	0.218
0.3	20	0.05	715	500	188	229	83	0.376	0.458	0.166
0.3	20	0.05	716	500	187	201	112	0.374	0.402	0.224
0.3	20	0.05	717	500	212	182	106	0.424	0.364	0.212
0.3	20	0.05	718	500	206	190	104	0.412	0.38	0.208
0.3	20	0.05	719	500	201	204	95	0.402	0.408	0.19
0.3	20	0.05	720	500	192	207	101	0.384	0.414	0.202
0.3	20	0.05	721	500	197	199	104	0.394	0.398	0.208
0.3	20	0.05	722	500	187	211	102	0.374	0.422	0.204
0.3	20	0.05	723	500	195	218	87	0.39	0.436	0.174
0.3	20	0.05	724	500	209	164	127	0.418	0.328	0.254
0.3	20	0.05	725	500	195	205	100	0.39	0.41	0.2
0.3	20	0.05	726	500	207	190	103	0.414	0.38	0.206
0.3	20	0.05	727	500	186	217	97	0.372	0.434	0.194
0.3	20	0.05	728	500	185	214	101	0.37	0.428	0.202
0.3	20	0.05	729	500	219	171	110	0.438	0.342	0.22
0.3	20	0.05	730	500	189	229	82	0.378	0.458	0.164
0.3	20	0.05	731	500	211	193	96	0.422	0.386	0.192
0.3	20	0.05	732	500	196	211	93	0.392	0.422	0.186
0.3	20	0.05	733	500	196	192	112	0.392	0.384	0.224
0.3	20	0.05	734	500	201	192	107	0.402	0.384	0.214
0.3	20	0.05	735	500	200	202	98	0.4	0.404	0.196
0.3	20	0.05	736	500	189	218	93	0.378	0.436	0.186
0.3	20	0.05	737	500	212	169	119	0.424	0.338	0.238
0.3	20	0.05	738	500	203	199	98	0.406	0.398	0.196
0.3	20	0.05	739	500	181	214	105	0.362	0.428	0.21
0.3	20	0.05	740	500	216	172	112	0.432	0.344	0.224
0.3	20	0.05	741	500	190	214	96	0.38	0.428	0.192
0.3	20	0.05	742	500	200	207	93	0.4	0.414	0.186
0.3	20	0.05	743	500	205	186	109	0.41	0.372	0.218
0.3	20	0.05	744	500	205	195	100	0.41	0.39	0.2
0.3	20	0.05	745	500	206	204	90	0.412	0.408	0.18
0.3	20	0.05	746	500	193	196	111	0.386	0.392	0.222
0.3	20	0.05	747	500	200	213	87	0.4	0.426	0.174
0.3	20	0.05	748	500	205	195	100	0.41	0.39	0.2
0.3	20	0.05	749	500	203	206	91	0.406	0.412	0.182
0.3	20	0.05	750	500	186	213	101	0.372	0.426	0.202
0.3	20	0.05	751	500	217	190	93	0.434	0.38	0.186
0.3	20	0.05	752	500	194	194	112	0.388	0.388	0.224
0.3	20	0.05	753	500	187	201	112	0.374	0.402	0.224
0.3	20	0.05	754	500	192	208	100	0.384	0.416	0.2
0.3	20	0.05	755	500	175	216	109	0.35	0.432	0.218
0.3	20	0.05	756	500	201	179	120	0.402	0.358	0.24
0.3	20	0.05	757	500	189	205	106	0.378	0.41	0.212
0.3	20	0.05	758	500	209	193	98	0.418	0.386	0.196
0.3	20	0.05	759	500	197	204	99	0.394	0.408	0.198
0.3	20	0.05	760	500	192	205	103	0.384	0.41	0.206
0.3	20	0.05	761	500	210	191	99	0.42	0.382	0.198
0.3	20	0.05	762	500	200	201	99	0.4	0.402	0.198
0.3	20	0.05	763	500	207	192	101	0.414	0.384	0.202
0.3	20	0.05	764	500	190	208	102	0.38	0.416	0.204
0.3	20	0.05	765	500	219	176	105	0.438	0.352	0.21
0.3	20	0.05	766	500	193	213	94	0.386	0.426	0.188
0.3	20	0.05	767	500	215	185	100	0.43	0.37	0.2
0.3	20	0.05	768	500	190	212	98	0.38	0.424	0.196
0.3	20	0.05	769	500	187	202	111	0.374	0.404	0.222
0.3	20	0.05	770	500	197	209	94	0.394	0.418	0.188
0.3	20	0.05	771	500	209	189	102	0.418	0.378	0.204
0.3	20	0.05	772	500	200	196	104	0.4	0.392	0.208
0.3	20	0.05	773	500	207	195	98	0.414	0.39	0.196
0.3	20	0.05	774	500	185	211	104	0.37	0.422	0.208
0.3	20	0.05	775	500	184	209	107	0.368	0.418	0.214
0.3	20	0.05	776	500	190	190	120	0.38	0.38	0.24
0.3	20	0.05	777	500	191	202	107	0.382	0.404	0.214
0.3	20	0.05	778	500	195	195	110	0.39	0.39	0.22
0.3	20	0.05	779	500	203	197	100	0.406	0.394	0.2
0.3	20	0.05	780	500	186	209	105	0.372	0.418	0.21
0.3	20	0.05	781	500	212	186	102	0.424	0.372	0.204
0.3	20	0.05	782	500	205	212	83	0.41	0.424	0.166
0.3	20	0.05	783	500	196	200	104	0.392	0.4	0.208
0.3	20	0.05	784	500	219	171	110	0.438	0.342	0.22
0.3	20	0.05	785	500	190	213	97	0.38	0.426	0.194
0.3	20	0.05	786	500	222	173	105	0.444	0.346	0.21
0.3	20	0.05	787	500	197	188	115	0.394	0.376	0.23
0.3	20	0.05	788	500	222	185	93	0.444	0.37	0.186
0.3	20	0.05	789	500	205	205	90	0.41	0.41	0.18
0.3	20	0.05	790	500	209	191	100	0.418	0.382	0.2
0.3	20	0.05	791	500	202	199	99	0.404	0.398	0.198
0.3	20	0.05	792	500	220	187	93	0.44	0.374	0.186
0.3	20	0.05	793	500	199	215	86	0.398	0.43	0.172
0.3	20	0.05	794	500	213	201	86	0.426	0.402	0.172
0.3	20	0.05	795	500	209	197	94	0.418	0.394	0.188
0.3	20	0.05	796	500	199	199	102	0.398	0.398	0.204
0.3	20	0.05	797	500	205	191	104	0.41	0.382	0.208
0.3	20	0.05	798	500	215	184	101	0.43	0.368	0.202
0.3	20	0.05	799	500	196	209	95	0.392	0.418	0.19
0.3	20	0.05	800	500	179	212	109	0.358	0.424	0.218
0.3	20	0.05	801	500	220	192	88	0.44	0.384	0.176
0.3	20	0.05	802	500	207	190	103	0.414	0.38	0.206
0.3	20	0.05	803	500	188	209	103	0.376	0.418	0.206
0.3	20	0.05	804	500	199	208	93	0.398	0.416	0.186
0.3	20	0.05	805	500	195	202	103	0.39	0.404	0.206
0.3	20	0.05	806	500	205	210	85	0.41	0.42	0.17
0.3	20	0.05	807	500	211	204	85	0.422	0.408	0.17
0.3	20	0.05	808	500	207	176	117	0.414	0.352	0.234
0.3	20	0.05	809	500	215	195	90	0.43	0.39	0.18
0.3	20	0.05	810	500	199	198	103	0.398	0.396	0.206
0.3	20	0.05	811	500	196	210	94	0.392	0.42	0.188
0.3	20	0.05	812	500	207	200	93	0.414	0.4	0.186
0.3	20	0.05	813	500	202	187	111	0.404	0.374	0.222
0.3	20	0.05	814	500	221	179	100	0.442	0.358	0.2
0.3	20	0.05	815	500	203	189	108	0.406	0.378	0.216
0.3	20	0.05	816	500	196	214	90	0.392	0.428	0.18
0.3	20	0.05	817	500	212	186	102	0.424	0.372	0.204
0.3	20	0.05	818	500	205	209	86	0.41	0.418	0.172
0.3	20	0.05	819	500	196	208	96	0.392	0.416	0.192
0.3	20	0.05	820	500	230	183	87	0.46	0.366	0.174
0.3	20	0.05	821	500	212	202	86	0.424	0.404	0.172
0.3	20	0.05	822	500	200	197	103	0.4	0.394	0.206
0.3	20	0.05	823	500	200	204	96	0.4	0.408	0.192
0.3	20	0.05	824	500	210	184	106	0.42	0.368	0.212
0.3	20	0.05	825	500	211	189	100	0.422	0.378	0.2
0.3	20	0.05	826	500	217	184	99	0.434	0.368	0.198
0.3	20	0.05	827	500	200	223	77	0.4	0.446	0.154
0.3	20	0.05	828	500	203	210	87	0.406	0.42	0.174
0.3	20	0.05	829	500	197	209	94	0.394	0.418	0.188
0.3	20	0.05	830	500	206	205	89	0.412	0.41	0.178
0.3	20	0.05	831	500	205	201	94	0.41	0.402	0.188
0.3	20	0.05	832	500	212	194	94	0.424	0.388	0.188
0.3	20	0.05	833	500	199	191	110	0.398	0.382	0.22
0.3	20	0.05	834	500	194	204	102	0.388	0.408	0.204
0.3	20	0.05	835	500	212	187	101	0.424	0.374	0.202
0.3	20	0.05	836	500	189	212	99	0.378	0.424	0.198
0.3	20	0.05	837	500	215	195	90	0.43	0.39	0.18
0.3	20	0.05	838	500	208	193	99	0.416	0.386	0.198
0.3	20	0.05	839	500	192	212	96	0.384	0.424	0.192
0.3	20	0.05	840	500	194	196	110	0.388	0.392	0.22
0.3	20	0.05	841	500	210	187	103	0.42	0.374	0.206
0.3	20	0.05	842	500	212	212	76	0.424	0.424	0.152
0.3	20	0.05	843	500	199	197	104	0.398	0.394	0.208
0.3	20	0.05	844	500	219	185	96	0.438	0.37	0.192
0.3	20	0.05	845	500	199	217	84	0.398	0.434	0.168
0.3	20	0.05	846	500	213	193	94	0.426	0.386	0.188
0.3	20	0.05	847	500	212	198	90	0.424	0.396	0.18
0.3	20	0.05	848	500	204	219	77	0.408	0.438	0.154
0.3	20	0.05	849	500	181	216	103	0.362	0.432	0.206
0.3	20	0.05	850	500	205	193	102	0.41	0.386	0.204
0.3	20	0.05	851	500	221	197	82	0.442	0.394	0.164
0.3	20	0.05	852	500	194	212	94	0.388	0.424	0.188
0.3	20	0.05	853	500	211	196	93	0.422	0.392	0.186
0.3	20	0.05	854	500	181	209	110	0.362	0.418	0.22
0.3	20	0.05	855	500	207	194	99	0.414	0.388	0.198
0.3	20	0.05	856	500	203	180	117	0.406	0.36	0.234
0.3	20	0.05	857	500	206	201	93	0.412	0.402	0.186
0.3	20	0.05	858	500	186	209	105	0.372	0.418	0.21
0.3	20	0.05	859	500	232	174	94	0.464	0.348	0.188
0.3	20	0.05	860	500	198	203	99	0.396	0.406	0.198
0.3	20	0.05	861	500	193	197	110	0.386	0.394	0.22
0.3	20	0.05	862	500	208	188	104	0.416	0.376	0.208
0.3	20	0.05	863	500	207	202	91	0.414	0.404	0.182
0.3	20	0.05	864	500	217	182	101	0.434	0.364	0.202
0.3	20	0.05	865	500	220	189	91	0.44	0.378	0.182
0.3	20	0.05	866	500	203	205	92	0.406	0.41	0.184
0.3	20	0.05	867	500	174	209	117	0.348	0.418	0.234
0.3	20	0.05	868	500	191	197	112	0.382	0.394	0.224
0.3	20	0.05	869	500	199	197	104	0.398	0.394	0.208
0.3	20	0.05	870	500	196	198	106	0.392	0.396	0.212
0.3	20	0.05	871	500	188	216	96	0.376	0.432	0.192
0.3	20	0.05	872	500	202	194	104	0.404	0.388	0.208
0.3	20	0.05	873	500	176	212	112	0.352	0.424	0.224
0.3	20	0.05	874	500	198	209	93	0.396	0.418	0.186
0.3	20	0.05	875	500	195	215	90	0.39	0.43	0.18
0.3	20	0.05	876	500	194	213	93	0.388	0.426	0.186
0.3	20	0.05	877	500	202	212	86	0.404	0.424	0.172
0.3	20	0.05	878	500	216	196	88	0.432	0.392	0.176
0.3	20	0.05	879	500	200	219	81	0.4	0.438	0.162
0.3	20	0.05	880	500	185	218	97	0.37	0.436	0.194
0.3	20	0.05	881	500	193	222	85	0.386	0.444	0.17
0.3	20	0.05	882	500	228	184	88	0.456	0.368	0.176
0.3	20	0.05	883	500	222	194	84	0.444	0.388	0.168
0.3	20	0.05	884	500	175	228	97	0.35	0.456	0.194
0.3	20	0.05	885	500	195	207	98	0.39	0.414	0.196
0.3	20	0.05	886	500	211	195	94	0.422	0.39	0.188
0.3	20	0.05	887	500	210	208	82	0.42	0.416	0.164
0.3	20	0.05	888	500	214	180	106	0.428	0.36	0.212
0.3	20	0.05	889	500	205	192	103	0.41	0.384	0.206
0.3	20	0.05	890	500	195	211	94	0.39	0.422	0.188
0.3	20	0.05	891	500	213	193	94	0.426	0.386	0.188
0.3	20	0.05	892	500	220	190	90	0.44	0.38	0.18
0.3	20	0.05	893	500	206	192	102	0.412	0.384	0.204
0.3	20	0.05	894	500	213	190	97	0.426	0.38	0.194
0.3	20	0.05	895	500	178	227	95	0.356	0.454	0.19
0.3	20	0.05	896	500	201	204	95	0.402	0.408	0.19
0.3	20	0.05	897	500	213	200	87	0.426	0.4	0.174
0.3	20	0.05	898	500	200	204	96	0.4	0.408	0.192
0.3	20	0.05	899	500	189	220	91	0.378	0.44	0.182
0.3	20	0.05	900	500	206	211	83	0.412	0.422	0.166
0.3	20	0.05	901	500	202	206	92	0.404	0.412	0.184
0.3	20	0.05	902	500	199	211	90	0.398	0.422	0.18
0.3	20	0.05	903	500	220	193	87	0.44	0.386	0.174
0.3	20	0.05	904	500	186	215	99	0.372	0.43	0.198
0.3	20	0.05	905	500	209	194	97	0.418	0.388	0.194
0.3	20	0.05	906	500	198	203	99	0.396	0.406	0.198
0.3	20	0.05	907	500	201	204	95	0.402	0.408	0.19
0.3	20	0.05	908	500	217	205	78	0.434	0.41	0.156
0.3	20	0.05	909	500	211	186	103	0.422	0.372	0.206
0.3	20	0.05	910	500	208	209	83	0.416	0.418	0.166
0.3	20	0.05	911	500	210	207	83	0.42	0.414	0.166
0.3	20	0.05	912	500	202	203	95	0.404	0.406	0.19
0.3	20	0.05	913	500	204	209	87	0.408	0.418	0.174
0.3	20	0.05	914	500	190	211	99	0.38	0.422	0.198
0.3	20	0.05	915	500	204	194	102	0.408	0.388	0.204
0.3	20	0.05	916	500	221	185	94	0.442	0.37	0.188
0.3	20	0.05	917	500	200	218	82	0.4	0.436	0.164
0.3	20	0.05	918	500	190	213	97	0.38	0.426	0.194
0.3	20	0.05	919	500	216	195	89	0.432	0.39	0.178
0.3	20	0.05	920	500	192	225	83	0.384	0.45	0.166
0.3	20	0.05	921	500	200	214	86	0.4	0.428	0.172
0.3	20	0.05	922	500	218	214	68	0.436	0.428	0.136
0.3	20	0.05	923	500	202	200	98	0.404	0.4	0.196
0.3	20	0.05	924	500	199	209	92	0.398	0.418	0.184
0.3	20	0.05	925	500	211	190	99	0.422	0.38	0.198
0.3	20	0.05	926	500	204	187	109	0.408	0.374	0.218
0.3	20	0.05	927	500	204	202	94	0.408	0.404	0.188
0.3	20	0.05	928	500	196	206	98	0.392	0.412	0.196
0.3	20	0.05	929	500	202	201	97	0.404	0.402	0.194
0.3	20	0.05	930	500	203	210	87	0.406	0.42	0.174
0.3	20	0.05	931	500	211	208	81	0.422	0.416	0.162
0.3	20	0.05	932	500	218	199	83	0.436	0.398	0.166
0.3	20	0.05	933	500	218	190	92	0.436	0.38	0.184
0.3	20	0.05	934	500	189	203	108	0.378	0.406	0.216
0.3	20	0.05	935	500	202	187	111	0.404	0.374	0.222
0.3	20	0.05	936	500	170	229	101	0.34	0.458	0.202
0.3	20	0.05	937	500	228	198	74	0.456	0.396	0.148
0.3	20	0.05	938	500	206	190	104	0.412	0.38	0.208
0.3	20	0.05	939	500	208	203	89	0.416	0.406	0.178
0.3	20	0.05	940	500	197	207	96	0.394	0.414	0.192
0.3	20	0.05	941	500	178	217	105	0.356	0.434	0.21
0.3	20	0.05	942	500	232	165	103	0.464	0.33	0.206
0.3	20	0.05	943	500	188	223	89	0.376	0.446	0.178
0.3	20	0.05	944	500	205	209	86	0.41	0.418	0.172
0.3	20	0.05	945	500	186	223	91	0.372	0.446	0.182
0.3	20	0.05	946	500	196	218	86	0.392	0.436	0.172
0.3	20	0.05	947	500	222	189	89	0.444	0.378	0.178
0.3	20	0.05	948	500	211	181	108	0.422	0.362	0.216
0.3	20	0.05	949	500	210	194	96	0.42	0.388	0.192
0.3	20	0.05	950	500	189	219	92	0.378	0.438	0.184
0.3	20	0.05	951	500	225	185	90	0.45	0.37	0.18
0.3	20	0.05	952	500	215	194	91	0.43	0.388	0.182
0.3	20	0.05	953	500	208	208	84	0.416	0.416	0.168
0.3	20	0.05	954	500	213	205	82	0.426	0.41	0.164
0.3	20	0.05	955	500	231	193	76	0.462	0.386	0.152
0.3	20	0.05	956	500	226	203	71	0.452	0.406	0.142
0.3	20	0.05	957	500	187	225	88	0.374	0.45	0.176
0.3	20	0.05	958	500	202	221	77	0.404	0.442	0.154
0.3	20	0.05	959	500	197	206	97	0.394	0.412	0.194
0.3	20	0.05	960	500	210	193	97	0.42	0.386	0.194
0.3	20	0.05	961	500	213	179	108	0.426	0.358	0.216
0.3	20	0.05	962	500	225	189	86	0.45	0.378	0.172
0.3	20	0.05	963	500	211	214	75	0.422	0.428	0.15
0.3	20	0.05	964	500	217	191	92	0.434	0.382	0.184
0.3	20	0.05	965	500	213	195	92	0.426	0.39	0.184
0.3	20	0.05	966	500	198	200	102	0.396	0.4	0.204
0.3	20	0.05	967	500	193	195	112	0.386	0.39	0.224
0.3	20	0.05	968	500	188	220	92	0.376	0.44	0.184
0.3	20	0.05	969	500	194	217	89	0.388	0.434	0.178
0.3	20	0.05	970	500	198	209	93	0.396	0.418	0.186
0.3	20	0.05	971	500	210	199	91	0.42	0.398	0.182
0.3	20	0.05	972	500	217	201	82	0.434	0.402	0.164
0.3	20	0.05	973	500	192	221	87	0.384	0.442	0.174
0.3	20	0.05	974	500	215	184	101	0.43	0.368	0.202
0.3	20	0.05	975	500	206	204	90	0.412	0.408	0.18
0.3	20	0.05	976	500	204	194	102	0.408	0.388	0.204
0.3	20	0.05	977	500	186	222	92	0.372	0.444	0.184
0.3	20	0.05	978	500	217	188	95	0.434	0.376	0.19
0.3	20	0.05	979	500	210	201	89	0.42	0.402	0.178
0.3	20	0.05	980	500	180	221	99	0.36	0.442	0.198
0.3	20	0.05	981	500	212	192	96	0.424	0.384	0.192
0.3	20	0.05	982	500	208	199	93	0.416	0.398	0.186
0.3	20	0.05	983	500	228	184	88	0.456	0.368	0.176
0.3	20	0.05	984	500	211	201	88	0.422	0.402	0.176
0.3	20	0.05	985	500	198	202	100	0.396	0.404	0.2
0.3	20	0.05	986	500	198	224	78	0.396	0.448	0.156
0.3	20	0.05	987	500	208	213	79	0.416	0.426	0.158
0.3	20	0.05	988	500	220	188	92	0.44	0.376	0.184
0.3	20	0.05	989	500	221	180	99	0.442	0.36	0.198
0.3	20	0.05	990	500	223	188	89	0.446	0.376	0.178
0.3	20	0.05	991	500	202	207	91	0.404	0.414	0.182
0.3	20	0.05	992	500	213	203	84	0.426	0.406	0.168
0.3	20	0.05	993	500	218	197	85	0.436	0.394	0.17
0.3	20	0.05	994	500	194	202	104	0.388	0.404	0.208
0.3	20	0.05	995	500	215	197	88	0.43	0.394	0.176
0.3	20	0.05	996	500	210	209	81	0.42	0.418	0.162
0.3	20	0.05	997	500	189	207	104	0.378	0.414	0.208
0.3	20	0.05	998	500	209	198	93	0.418	0.396	0.186
0.3	20	0.05	999	500	206	214	80	0.412	0.428	0.16
0.3	20	0.05	1000	500	209	206	85	0.418	0.412	0.17
