"trueDelta"	"eCrit_upper"	"eCrit_lower"	"n"	"n_reps"	"h1_n"	"h0_n"	"ind_n"	"h1_prob"	"h0_prob"	"ind_prob"
0.2	20	0.05	2	500	0	0	500	0	0	1
0.2	20	0.05	3	500	0	0	500	0	0	1
0.2	20	0.05	4	500	0	0	500	0	0	1
0.2	20	0.05	5	500	0	0	500	0	0	1
0.2	20	0.05	6	500	0	0	500	0	0	1
0.2	20	0.05	7	500	0	1	499	0	0.002	0.998
0.2	20	0.05	8	500	0	2	498	0	0.004	0.996
0.2	20	0.05	9	500	0	4	496	0	0.008	0.992
0.2	20	0.05	10	500	0	6	494	0	0.012	0.988
0.2	20	0.05	11	500	1	14	485	0.002	0.028	0.97
0.2	20	0.05	12	500	4	21	475	0.008	0.042	0.95
0.2	20	0.05	13	500	4	18	478	0.008	0.036	0.956
0.2	20	0.05	14	500	3	22	475	0.006	0.044	0.95
0.2	20	0.05	15	500	4	24	472	0.008	0.048	0.944
0.2	20	0.05	16	500	6	35	459	0.012	0.07	0.918
0.2	20	0.05	17	500	10	39	451	0.02	0.078	0.902
0.2	20	0.05	18	500	10	39	451	0.02	0.078	0.902
0.2	20	0.05	19	500	7	47	446	0.014	0.094	0.892
0.2	20	0.05	20	500	8	50	442	0.016	0.1	0.884
0.2	20	0.05	21	500	12	61	427	0.024	0.122	0.854
0.2	20	0.05	22	500	11	70	419	0.022	0.14	0.838
0.2	20	0.05	23	500	13	52	435	0.026	0.104	0.87
0.2	20	0.05	24	500	11	77	412	0.022	0.154	0.824
0.2	20	0.05	25	500	13	81	406	0.026	0.162	0.812
0.2	20	0.05	26	500	17	70	413	0.034	0.14	0.826
0.2	20	0.05	27	500	18	81	401	0.036	0.162	0.802
0.2	20	0.05	28	500	20	85	395	0.04	0.17	0.79
0.2	20	0.05	29	500	23	83	394	0.046	0.166	0.788
0.2	20	0.05	30	500	21	93	386	0.042	0.186	0.772
0.2	20	0.05	31	500	23	88	389	0.046	0.176	0.778
0.2	20	0.05	32	500	30	99	371	0.06	0.198	0.742
0.2	20	0.05	33	500	32	113	355	0.064	0.226	0.71
0.2	20	0.05	34	500	25	108	367	0.05	0.216	0.734
0.2	20	0.05	35	500	28	98	374	0.056	0.196	0.748
0.2	20	0.05	36	500	25	103	372	0.05	0.206	0.744
0.2	20	0.05	37	500	32	113	355	0.064	0.226	0.71
0.2	20	0.05	38	500	31	107	362	0.062	0.214	0.724
0.2	20	0.05	39	500	28	146	326	0.056	0.292	0.652
0.2	20	0.05	40	500	26	134	340	0.052	0.268	0.68
0.2	20	0.05	41	500	34	119	347	0.068	0.238	0.694
0.2	20	0.05	42	500	31	136	333	0.062	0.272	0.666
0.2	20	0.05	43	500	32	149	319	0.064	0.298	0.638
0.2	20	0.05	44	500	31	125	344	0.062	0.25	0.688
0.2	20	0.05	45	500	40	132	328	0.08	0.264	0.656
0.2	20	0.05	46	500	26	144	330	0.052	0.288	0.66
0.2	20	0.05	47	500	32	144	324	0.064	0.288	0.648
0.2	20	0.05	48	500	35	126	339	0.07	0.252	0.678
0.2	20	0.05	49	500	35	145	320	0.07	0.29	0.64
0.2	20	0.05	50	500	24	157	319	0.048	0.314	0.638
0.2	20	0.05	51	500	36	146	318	0.072	0.292	0.636
0.2	20	0.05	52	500	37	152	311	0.074	0.304	0.622
0.2	20	0.05	53	500	42	166	292	0.084	0.332	0.584
0.2	20	0.05	54	500	37	169	294	0.074	0.338	0.588
0.2	20	0.05	55	500	31	167	302	0.062	0.334	0.604
0.2	20	0.05	56	500	37	163	300	0.074	0.326	0.6
0.2	20	0.05	57	500	41	161	298	0.082	0.322	0.596
0.2	20	0.05	58	500	46	156	298	0.092	0.312	0.596
0.2	20	0.05	59	500	52	164	284	0.104	0.328	0.568
0.2	20	0.05	60	500	26	164	310	0.052	0.328	0.62
0.2	20	0.05	61	500	43	177	280	0.086	0.354	0.56
0.2	20	0.05	62	500	34	187	279	0.068	0.374	0.558
0.2	20	0.05	63	500	32	185	283	0.064	0.37	0.566
0.2	20	0.05	64	500	41	185	274	0.082	0.37	0.548
0.2	20	0.05	65	500	48	179	273	0.096	0.358	0.546
0.2	20	0.05	66	500	38	161	301	0.076	0.322	0.602
0.2	20	0.05	67	500	37	177	286	0.074	0.354	0.572
0.2	20	0.05	68	500	38	194	268	0.076	0.388	0.536
0.2	20	0.05	69	500	39	183	278	0.078	0.366	0.556
0.2	20	0.05	70	500	36	202	262	0.072	0.404	0.524
0.2	20	0.05	71	500	34	186	280	0.068	0.372	0.56
0.2	20	0.05	72	500	41	211	248	0.082	0.422	0.496
0.2	20	0.05	73	500	39	202	259	0.078	0.404	0.518
0.2	20	0.05	74	500	37	204	259	0.074	0.408	0.518
0.2	20	0.05	75	500	37	188	275	0.074	0.376	0.55
0.2	20	0.05	76	500	43	205	252	0.086	0.41	0.504
0.2	20	0.05	77	500	44	213	243	0.088	0.426	0.486
0.2	20	0.05	78	500	39	216	245	0.078	0.432	0.49
0.2	20	0.05	79	500	56	206	238	0.112	0.412	0.476
0.2	20	0.05	80	500	42	215	243	0.084	0.43	0.486
0.2	20	0.05	81	500	45	210	245	0.09	0.42	0.49
0.2	20	0.05	82	500	40	230	230	0.08	0.46	0.46
0.2	20	0.05	83	500	40	243	217	0.08	0.486	0.434
0.2	20	0.05	84	500	45	225	230	0.09	0.45	0.46
0.2	20	0.05	85	500	47	215	238	0.094	0.43	0.476
0.2	20	0.05	86	500	43	233	224	0.086	0.466	0.448
0.2	20	0.05	87	500	41	234	225	0.082	0.468	0.45
0.2	20	0.05	88	500	42	211	247	0.084	0.422	0.494
0.2	20	0.05	89	500	32	229	239	0.064	0.458	0.478
0.2	20	0.05	90	500	33	237	230	0.066	0.474	0.46
0.2	20	0.05	91	500	39	225	236	0.078	0.45	0.472
0.2	20	0.05	92	500	47	242	211	0.094	0.484	0.422
0.2	20	0.05	93	500	48	248	204	0.096	0.496	0.408
0.2	20	0.05	94	500	38	243	219	0.076	0.486	0.438
0.2	20	0.05	95	500	48	222	230	0.096	0.444	0.46
0.2	20	0.05	96	500	34	226	240	0.068	0.452	0.48
0.2	20	0.05	97	500	44	262	194	0.088	0.524	0.388
0.2	20	0.05	98	500	47	256	197	0.094	0.512	0.394
0.2	20	0.05	99	500	35	265	200	0.07	0.53	0.4
0.2	20	0.05	100	500	37	242	221	0.074	0.484	0.442
0.2	20	0.05	101	500	42	247	211	0.084	0.494	0.422
0.2	20	0.05	102	500	41	253	206	0.082	0.506	0.412
0.2	20	0.05	103	500	34	261	205	0.068	0.522	0.41
0.2	20	0.05	104	500	45	241	214	0.09	0.482	0.428
0.2	20	0.05	105	500	43	257	200	0.086	0.514	0.4
0.2	20	0.05	106	500	37	259	204	0.074	0.518	0.408
0.2	20	0.05	107	500	35	261	204	0.07	0.522	0.408
0.2	20	0.05	108	500	35	258	207	0.07	0.516	0.414
0.2	20	0.05	109	500	45	248	207	0.09	0.496	0.414
0.2	20	0.05	110	500	34	266	200	0.068	0.532	0.4
0.2	20	0.05	111	500	42	260	198	0.084	0.52	0.396
0.2	20	0.05	112	500	42	287	171	0.084	0.574	0.342
0.2	20	0.05	113	500	36	258	206	0.072	0.516	0.412
0.2	20	0.05	114	500	41	270	189	0.082	0.54	0.378
0.2	20	0.05	115	500	39	269	192	0.078	0.538	0.384
0.2	20	0.05	116	500	42	270	188	0.084	0.54	0.376
0.2	20	0.05	117	500	32	273	195	0.064	0.546	0.39
0.2	20	0.05	118	500	55	269	176	0.11	0.538	0.352
0.2	20	0.05	119	500	38	258	204	0.076	0.516	0.408
0.2	20	0.05	120	500	44	286	170	0.088	0.572	0.34
0.2	20	0.05	121	500	42	284	174	0.084	0.568	0.348
0.2	20	0.05	122	500	35	273	192	0.07	0.546	0.384
0.2	20	0.05	123	500	34	300	166	0.068	0.6	0.332
0.2	20	0.05	124	500	38	264	198	0.076	0.528	0.396
0.2	20	0.05	125	500	32	308	160	0.064	0.616	0.32
0.2	20	0.05	126	500	36	272	192	0.072	0.544	0.384
0.2	20	0.05	127	500	36	287	177	0.072	0.574	0.354
0.2	20	0.05	128	500	25	282	193	0.05	0.564	0.386
0.2	20	0.05	129	500	44	285	171	0.088	0.57	0.342
0.2	20	0.05	130	500	42	277	181	0.084	0.554	0.362
0.2	20	0.05	131	500	32	313	155	0.064	0.626	0.31
0.2	20	0.05	132	500	33	279	188	0.066	0.558	0.376
0.2	20	0.05	133	500	44	280	176	0.088	0.56	0.352
0.2	20	0.05	134	500	37	286	177	0.074	0.572	0.354
0.2	20	0.05	135	500	51	280	169	0.102	0.56	0.338
0.2	20	0.05	136	500	30	274	196	0.06	0.548	0.392
0.2	20	0.05	137	500	39	264	197	0.078	0.528	0.394
0.2	20	0.05	138	500	39	293	168	0.078	0.586	0.336
0.2	20	0.05	139	500	51	285	164	0.102	0.57	0.328
0.2	20	0.05	140	500	30	299	171	0.06	0.598	0.342
0.2	20	0.05	141	500	38	292	170	0.076	0.584	0.34
0.2	20	0.05	142	500	45	297	158	0.09	0.594	0.316
0.2	20	0.05	143	500	33	291	176	0.066	0.582	0.352
0.2	20	0.05	144	500	37	295	168	0.074	0.59	0.336
0.2	20	0.05	145	500	47	295	158	0.094	0.59	0.316
0.2	20	0.05	146	500	50	296	154	0.1	0.592	0.308
0.2	20	0.05	147	500	45	282	173	0.09	0.564	0.346
0.2	20	0.05	148	500	28	312	160	0.056	0.624	0.32
0.2	20	0.05	149	500	38	315	147	0.076	0.63	0.294
0.2	20	0.05	150	500	37	300	163	0.074	0.6	0.326
0.2	20	0.05	151	500	39	309	152	0.078	0.618	0.304
0.2	20	0.05	152	500	48	282	170	0.096	0.564	0.34
0.2	20	0.05	153	500	26	305	169	0.052	0.61	0.338
0.2	20	0.05	154	500	34	329	137	0.068	0.658	0.274
0.2	20	0.05	155	500	56	294	150	0.112	0.588	0.3
0.2	20	0.05	156	500	37	297	166	0.074	0.594	0.332
0.2	20	0.05	157	500	33	323	144	0.066	0.646	0.288
0.2	20	0.05	158	500	32	309	159	0.064	0.618	0.318
0.2	20	0.05	159	500	34	321	145	0.068	0.642	0.29
0.2	20	0.05	160	500	25	324	151	0.05	0.648	0.302
0.2	20	0.05	161	500	31	331	138	0.062	0.662	0.276
0.2	20	0.05	162	500	47	296	157	0.094	0.592	0.314
0.2	20	0.05	163	500	32	324	144	0.064	0.648	0.288
0.2	20	0.05	164	500	36	338	126	0.072	0.676	0.252
0.2	20	0.05	165	500	44	305	151	0.088	0.61	0.302
0.2	20	0.05	166	500	35	317	148	0.07	0.634	0.296
0.2	20	0.05	167	500	34	327	139	0.068	0.654	0.278
0.2	20	0.05	168	500	36	319	145	0.072	0.638	0.29
0.2	20	0.05	169	500	42	306	152	0.084	0.612	0.304
0.2	20	0.05	170	500	34	323	143	0.068	0.646	0.286
0.2	20	0.05	171	500	40	305	155	0.08	0.61	0.31
0.2	20	0.05	172	500	51	304	145	0.102	0.608	0.29
0.2	20	0.05	173	500	41	322	137	0.082	0.644	0.274
0.2	20	0.05	174	500	35	337	128	0.07	0.674	0.256
0.2	20	0.05	175	500	27	331	142	0.054	0.662	0.284
0.2	20	0.05	176	500	30	326	144	0.06	0.652	0.288
0.2	20	0.05	177	500	39	320	141	0.078	0.64	0.282
0.2	20	0.05	178	500	47	314	139	0.094	0.628	0.278
0.2	20	0.05	179	500	44	333	123	0.088	0.666	0.246
0.2	20	0.05	180	500	36	333	131	0.072	0.666	0.262
0.2	20	0.05	181	500	52	323	125	0.104	0.646	0.25
0.2	20	0.05	182	500	30	334	136	0.06	0.668	0.272
0.2	20	0.05	183	500	41	316	143	0.082	0.632	0.286
0.2	20	0.05	184	500	34	340	126	0.068	0.68	0.252
0.2	20	0.05	185	500	43	324	133	0.086	0.648	0.266
0.2	20	0.05	186	500	33	335	132	0.066	0.67	0.264
0.2	20	0.05	187	500	38	331	131	0.076	0.662	0.262
0.2	20	0.05	188	500	31	326	143	0.062	0.652	0.286
0.2	20	0.05	189	500	38	320	142	0.076	0.64	0.284
0.2	20	0.05	190	500	36	340	124	0.072	0.68	0.248
0.2	20	0.05	191	500	43	322	135	0.086	0.644	0.27
0.2	20	0.05	192	500	39	334	127	0.078	0.668	0.254
0.2	20	0.05	193	500	28	347	125	0.056	0.694	0.25
0.2	20	0.05	194	500	39	339	122	0.078	0.678	0.244
0.2	20	0.05	195	500	39	329	132	0.078	0.658	0.264
0.2	20	0.05	196	500	38	341	121	0.076	0.682	0.242
0.2	20	0.05	197	500	46	349	105	0.092	0.698	0.21
0.2	20	0.05	198	500	39	335	126	0.078	0.67	0.252
0.2	20	0.05	199	500	22	336	142	0.044	0.672	0.284
0.2	20	0.05	200	500	35	351	114	0.07	0.702	0.228
0.2	20	0.05	201	500	41	330	129	0.082	0.66	0.258
0.2	20	0.05	202	500	41	349	110	0.082	0.698	0.22
0.2	20	0.05	203	500	36	355	109	0.072	0.71	0.218
0.2	20	0.05	204	500	31	336	133	0.062	0.672	0.266
0.2	20	0.05	205	500	47	337	116	0.094	0.674	0.232
0.2	20	0.05	206	500	32	341	127	0.064	0.682	0.254
0.2	20	0.05	207	500	37	333	130	0.074	0.666	0.26
0.2	20	0.05	208	500	24	343	133	0.048	0.686	0.266
0.2	20	0.05	209	500	43	338	119	0.086	0.676	0.238
0.2	20	0.05	210	500	32	339	129	0.064	0.678	0.258
0.2	20	0.05	211	500	22	369	109	0.044	0.738	0.218
0.2	20	0.05	212	500	33	357	110	0.066	0.714	0.22
0.2	20	0.05	213	500	39	350	111	0.078	0.7	0.222
0.2	20	0.05	214	500	34	368	98	0.068	0.736	0.196
0.2	20	0.05	215	500	24	353	123	0.048	0.706	0.246
0.2	20	0.05	216	500	33	350	117	0.066	0.7	0.234
0.2	20	0.05	217	500	41	359	100	0.082	0.718	0.2
0.2	20	0.05	218	500	31	343	126	0.062	0.686	0.252
0.2	20	0.05	219	500	27	360	113	0.054	0.72	0.226
0.2	20	0.05	220	500	34	356	110	0.068	0.712	0.22
0.2	20	0.05	221	500	32	345	123	0.064	0.69	0.246
0.2	20	0.05	222	500	36	368	96	0.072	0.736	0.192
0.2	20	0.05	223	500	38	356	106	0.076	0.712	0.212
0.2	20	0.05	224	500	30	361	109	0.06	0.722	0.218
0.2	20	0.05	225	500	32	348	120	0.064	0.696	0.24
0.2	20	0.05	226	500	26	364	110	0.052	0.728	0.22
0.2	20	0.05	227	500	27	370	103	0.054	0.74	0.206
0.2	20	0.05	228	500	28	356	116	0.056	0.712	0.232
0.2	20	0.05	229	500	36	358	106	0.072	0.716	0.212
0.2	20	0.05	230	500	33	351	116	0.066	0.702	0.232
0.2	20	0.05	231	500	33	352	115	0.066	0.704	0.23
0.2	20	0.05	232	500	28	384	88	0.056	0.768	0.176
0.2	20	0.05	233	500	29	372	99	0.058	0.744	0.198
0.2	20	0.05	234	500	38	356	106	0.076	0.712	0.212
0.2	20	0.05	235	500	34	358	108	0.068	0.716	0.216
0.2	20	0.05	236	500	25	359	116	0.05	0.718	0.232
0.2	20	0.05	237	500	30	353	117	0.06	0.706	0.234
0.2	20	0.05	238	500	29	367	104	0.058	0.734	0.208
0.2	20	0.05	239	500	36	367	97	0.072	0.734	0.194
0.2	20	0.05	240	500	35	353	112	0.07	0.706	0.224
0.2	20	0.05	241	500	27	379	94	0.054	0.758	0.188
0.2	20	0.05	242	500	30	355	115	0.06	0.71	0.23
0.2	20	0.05	243	500	35	364	101	0.07	0.728	0.202
0.2	20	0.05	244	500	34	368	98	0.068	0.736	0.196
0.2	20	0.05	245	500	23	360	117	0.046	0.72	0.234
0.2	20	0.05	246	500	29	358	113	0.058	0.716	0.226
0.2	20	0.05	247	500	29	362	109	0.058	0.724	0.218
0.2	20	0.05	248	500	30	358	112	0.06	0.716	0.224
0.2	20	0.05	249	500	28	364	108	0.056	0.728	0.216
0.2	20	0.05	250	500	35	364	101	0.07	0.728	0.202
0.2	20	0.05	251	500	28	377	95	0.056	0.754	0.19
0.2	20	0.05	252	500	29	372	99	0.058	0.744	0.198
0.2	20	0.05	253	500	32	381	87	0.064	0.762	0.174
0.2	20	0.05	254	500	31	366	103	0.062	0.732	0.206
0.2	20	0.05	255	500	29	387	84	0.058	0.774	0.168
0.2	20	0.05	256	500	23	401	76	0.046	0.802	0.152
0.2	20	0.05	257	500	31	358	111	0.062	0.716	0.222
0.2	20	0.05	258	500	21	381	98	0.042	0.762	0.196
0.2	20	0.05	259	500	40	366	94	0.08	0.732	0.188
0.2	20	0.05	260	500	28	378	94	0.056	0.756	0.188
0.2	20	0.05	261	500	27	372	101	0.054	0.744	0.202
0.2	20	0.05	262	500	27	375	98	0.054	0.75	0.196
0.2	20	0.05	263	500	26	379	95	0.052	0.758	0.19
0.2	20	0.05	264	500	34	385	81	0.068	0.77	0.162
0.2	20	0.05	265	500	26	377	97	0.052	0.754	0.194
0.2	20	0.05	266	500	24	378	98	0.048	0.756	0.196
0.2	20	0.05	267	500	31	376	93	0.062	0.752	0.186
0.2	20	0.05	268	500	30	381	89	0.06	0.762	0.178
0.2	20	0.05	269	500	33	384	83	0.066	0.768	0.166
0.2	20	0.05	270	500	38	361	101	0.076	0.722	0.202
0.2	20	0.05	271	500	27	369	104	0.054	0.738	0.208
0.2	20	0.05	272	500	28	383	89	0.056	0.766	0.178
0.2	20	0.05	273	500	31	375	94	0.062	0.75	0.188
0.2	20	0.05	274	500	29	391	80	0.058	0.782	0.16
0.2	20	0.05	275	500	30	394	76	0.06	0.788	0.152
0.2	20	0.05	276	500	34	376	90	0.068	0.752	0.18
0.2	20	0.05	277	500	37	384	79	0.074	0.768	0.158
0.2	20	0.05	278	500	25	375	100	0.05	0.75	0.2
0.2	20	0.05	279	500	29	377	94	0.058	0.754	0.188
0.2	20	0.05	280	500	33	384	83	0.066	0.768	0.166
0.2	20	0.05	281	500	31	397	72	0.062	0.794	0.144
0.2	20	0.05	282	500	25	395	80	0.05	0.79	0.16
0.2	20	0.05	283	500	33	390	77	0.066	0.78	0.154
0.2	20	0.05	284	500	32	377	91	0.064	0.754	0.182
0.2	20	0.05	285	500	37	388	75	0.074	0.776	0.15
0.2	20	0.05	286	500	24	391	85	0.048	0.782	0.17
0.2	20	0.05	287	500	20	389	91	0.04	0.778	0.182
0.2	20	0.05	288	500	25	391	84	0.05	0.782	0.168
0.2	20	0.05	289	500	22	396	82	0.044	0.792	0.164
0.2	20	0.05	290	500	21	393	86	0.042	0.786	0.172
0.2	20	0.05	291	500	24	373	103	0.048	0.746	0.206
0.2	20	0.05	292	500	23	406	71	0.046	0.812	0.142
0.2	20	0.05	293	500	24	393	83	0.048	0.786	0.166
0.2	20	0.05	294	500	29	381	90	0.058	0.762	0.18
0.2	20	0.05	295	500	21	382	97	0.042	0.764	0.194
0.2	20	0.05	296	500	24	408	68	0.048	0.816	0.136
0.2	20	0.05	297	500	26	396	78	0.052	0.792	0.156
0.2	20	0.05	298	500	27	406	67	0.054	0.812	0.134
0.2	20	0.05	299	500	27	396	77	0.054	0.792	0.154
0.2	20	0.05	300	500	18	410	72	0.036	0.82	0.144
0.2	20	0.05	301	500	24	397	79	0.048	0.794	0.158
0.2	20	0.05	302	500	17	388	95	0.034	0.776	0.19
0.2	20	0.05	303	500	35	384	81	0.07	0.768	0.162
0.2	20	0.05	304	500	26	397	77	0.052	0.794	0.154
0.2	20	0.05	305	500	30	389	81	0.06	0.778	0.162
0.2	20	0.05	306	500	31	385	84	0.062	0.77	0.168
0.2	20	0.05	307	500	24	384	92	0.048	0.768	0.184
0.2	20	0.05	308	500	23	388	89	0.046	0.776	0.178
0.2	20	0.05	309	500	23	402	75	0.046	0.804	0.15
0.2	20	0.05	310	500	36	384	80	0.072	0.768	0.16
0.2	20	0.05	311	500	21	401	78	0.042	0.802	0.156
0.2	20	0.05	312	500	30	386	84	0.06	0.772	0.168
0.2	20	0.05	313	500	23	403	74	0.046	0.806	0.148
0.2	20	0.05	314	500	35	388	77	0.07	0.776	0.154
0.2	20	0.05	315	500	27	391	82	0.054	0.782	0.164
0.2	20	0.05	316	500	19	401	80	0.038	0.802	0.16
0.2	20	0.05	317	500	22	397	81	0.044	0.794	0.162
0.2	20	0.05	318	500	24	399	77	0.048	0.798	0.154
0.2	20	0.05	319	500	32	382	86	0.064	0.764	0.172
0.2	20	0.05	320	500	26	399	75	0.052	0.798	0.15
0.2	20	0.05	321	500	25	396	79	0.05	0.792	0.158
0.2	20	0.05	322	500	13	411	76	0.026	0.822	0.152
0.2	20	0.05	323	500	24	411	65	0.048	0.822	0.13
0.2	20	0.05	324	500	26	400	74	0.052	0.8	0.148
0.2	20	0.05	325	500	26	398	76	0.052	0.796	0.152
0.2	20	0.05	326	500	25	415	60	0.05	0.83	0.12
0.2	20	0.05	327	500	26	407	67	0.052	0.814	0.134
0.2	20	0.05	328	500	25	404	71	0.05	0.808	0.142
0.2	20	0.05	329	500	28	402	70	0.056	0.804	0.14
0.2	20	0.05	330	500	19	420	61	0.038	0.84	0.122
0.2	20	0.05	331	500	16	404	80	0.032	0.808	0.16
0.2	20	0.05	332	500	31	405	64	0.062	0.81	0.128
0.2	20	0.05	333	500	35	387	78	0.07	0.774	0.156
0.2	20	0.05	334	500	28	415	57	0.056	0.83	0.114
0.2	20	0.05	335	500	30	390	80	0.06	0.78	0.16
0.2	20	0.05	336	500	28	404	68	0.056	0.808	0.136
0.2	20	0.05	337	500	25	398	77	0.05	0.796	0.154
0.2	20	0.05	338	500	19	408	73	0.038	0.816	0.146
0.2	20	0.05	339	500	28	394	78	0.056	0.788	0.156
0.2	20	0.05	340	500	21	417	62	0.042	0.834	0.124
0.2	20	0.05	341	500	19	412	69	0.038	0.824	0.138
0.2	20	0.05	342	500	25	407	68	0.05	0.814	0.136
0.2	20	0.05	343	500	29	407	64	0.058	0.814	0.128
0.2	20	0.05	344	500	23	407	70	0.046	0.814	0.14
0.2	20	0.05	345	500	28	416	56	0.056	0.832	0.112
0.2	20	0.05	346	500	17	424	59	0.034	0.848	0.118
0.2	20	0.05	347	500	30	402	68	0.06	0.804	0.136
0.2	20	0.05	348	500	22	416	62	0.044	0.832	0.124
0.2	20	0.05	349	500	15	410	75	0.03	0.82	0.15
0.2	20	0.05	350	500	25	423	52	0.05	0.846	0.104
0.2	20	0.05	351	500	31	411	58	0.062	0.822	0.116
0.2	20	0.05	352	500	19	416	65	0.038	0.832	0.13
0.2	20	0.05	353	500	29	401	70	0.058	0.802	0.14
0.2	20	0.05	354	500	15	420	65	0.03	0.84	0.13
0.2	20	0.05	355	500	27	412	61	0.054	0.824	0.122
0.2	20	0.05	356	500	15	422	63	0.03	0.844	0.126
0.2	20	0.05	357	500	20	417	63	0.04	0.834	0.126
0.2	20	0.05	358	500	22	407	71	0.044	0.814	0.142
0.2	20	0.05	359	500	23	418	59	0.046	0.836	0.118
0.2	20	0.05	360	500	23	415	62	0.046	0.83	0.124
0.2	20	0.05	361	500	19	415	66	0.038	0.83	0.132
0.2	20	0.05	362	500	26	427	47	0.052	0.854	0.094
0.2	20	0.05	363	500	24	427	49	0.048	0.854	0.098
0.2	20	0.05	364	500	17	432	51	0.034	0.864	0.102
0.2	20	0.05	365	500	28	416	56	0.056	0.832	0.112
0.2	20	0.05	366	500	23	411	66	0.046	0.822	0.132
0.2	20	0.05	367	500	23	415	62	0.046	0.83	0.124
0.2	20	0.05	368	500	22	403	75	0.044	0.806	0.15
0.2	20	0.05	369	500	16	423	61	0.032	0.846	0.122
0.2	20	0.05	370	500	16	418	66	0.032	0.836	0.132
0.2	20	0.05	371	500	19	423	58	0.038	0.846	0.116
0.2	20	0.05	372	500	26	417	57	0.052	0.834	0.114
0.2	20	0.05	373	500	23	428	49	0.046	0.856	0.098
0.2	20	0.05	374	500	16	433	51	0.032	0.866	0.102
0.2	20	0.05	375	500	24	415	61	0.048	0.83	0.122
0.2	20	0.05	376	500	16	428	56	0.032	0.856	0.112
0.2	20	0.05	377	500	24	420	56	0.048	0.84	0.112
0.2	20	0.05	378	500	24	427	49	0.048	0.854	0.098
0.2	20	0.05	379	500	22	436	42	0.044	0.872	0.084
0.2	20	0.05	380	500	24	421	55	0.048	0.842	0.11
0.2	20	0.05	381	500	18	423	59	0.036	0.846	0.118
0.2	20	0.05	382	500	21	420	59	0.042	0.84	0.118
0.2	20	0.05	383	500	14	425	61	0.028	0.85	0.122
0.2	20	0.05	384	500	20	422	58	0.04	0.844	0.116
0.2	20	0.05	385	500	17	422	61	0.034	0.844	0.122
0.2	20	0.05	386	500	23	424	53	0.046	0.848	0.106
0.2	20	0.05	387	500	19	433	48	0.038	0.866	0.096
0.2	20	0.05	388	500	16	434	50	0.032	0.868	0.1
0.2	20	0.05	389	500	27	426	47	0.054	0.852	0.094
0.2	20	0.05	390	500	22	423	55	0.044	0.846	0.11
0.2	20	0.05	391	500	28	414	58	0.056	0.828	0.116
0.2	20	0.05	392	500	15	432	53	0.03	0.864	0.106
0.2	20	0.05	393	500	21	439	40	0.042	0.878	0.08
0.2	20	0.05	394	500	20	418	62	0.04	0.836	0.124
0.2	20	0.05	395	500	12	441	47	0.024	0.882	0.094
0.2	20	0.05	396	500	18	433	49	0.036	0.866	0.098
0.2	20	0.05	397	500	21	428	51	0.042	0.856	0.102
0.2	20	0.05	398	500	16	418	66	0.032	0.836	0.132
0.2	20	0.05	399	500	21	419	60	0.042	0.838	0.12
0.2	20	0.05	400	500	18	426	56	0.036	0.852	0.112
0.2	20	0.05	401	500	23	418	59	0.046	0.836	0.118
0.2	20	0.05	402	500	21	420	59	0.042	0.84	0.118
0.2	20	0.05	403	500	19	423	58	0.038	0.846	0.116
0.2	20	0.05	404	500	18	423	59	0.036	0.846	0.118
0.2	20	0.05	405	500	19	428	53	0.038	0.856	0.106
0.2	20	0.05	406	500	19	429	52	0.038	0.858	0.104
0.2	20	0.05	407	500	13	438	49	0.026	0.876	0.098
0.2	20	0.05	408	500	19	441	40	0.038	0.882	0.08
0.2	20	0.05	409	500	15	433	52	0.03	0.866	0.104
0.2	20	0.05	410	500	13	440	47	0.026	0.88	0.094
0.2	20	0.05	411	500	15	432	53	0.03	0.864	0.106
0.2	20	0.05	412	500	21	423	56	0.042	0.846	0.112
0.2	20	0.05	413	500	19	420	61	0.038	0.84	0.122
0.2	20	0.05	414	500	24	432	44	0.048	0.864	0.088
0.2	20	0.05	415	500	17	432	51	0.034	0.864	0.102
0.2	20	0.05	416	500	23	422	55	0.046	0.844	0.11
0.2	20	0.05	417	500	26	426	48	0.052	0.852	0.096
0.2	20	0.05	418	500	13	424	63	0.026	0.848	0.126
0.2	20	0.05	419	500	12	427	61	0.024	0.854	0.122
0.2	20	0.05	420	500	19	434	47	0.038	0.868	0.094
0.2	20	0.05	421	500	21	429	50	0.042	0.858	0.1
0.2	20	0.05	422	500	17	422	61	0.034	0.844	0.122
0.2	20	0.05	423	500	18	435	47	0.036	0.87	0.094
0.2	20	0.05	424	500	21	415	64	0.042	0.83	0.128
0.2	20	0.05	425	500	19	433	48	0.038	0.866	0.096
0.2	20	0.05	426	500	18	443	39	0.036	0.886	0.078
0.2	20	0.05	427	500	17	438	45	0.034	0.876	0.09
0.2	20	0.05	428	500	21	426	53	0.042	0.852	0.106
0.2	20	0.05	429	500	13	434	53	0.026	0.868	0.106
0.2	20	0.05	430	500	17	430	53	0.034	0.86	0.106
0.2	20	0.05	431	500	18	430	52	0.036	0.86	0.104
0.2	20	0.05	432	500	16	431	53	0.032	0.862	0.106
0.2	20	0.05	433	500	9	440	51	0.018	0.88	0.102
0.2	20	0.05	434	500	20	441	39	0.04	0.882	0.078
0.2	20	0.05	435	500	15	447	38	0.03	0.894	0.076
0.2	20	0.05	436	500	15	436	49	0.03	0.872	0.098
0.2	20	0.05	437	500	18	435	47	0.036	0.87	0.094
0.2	20	0.05	438	500	24	430	46	0.048	0.86	0.092
0.2	20	0.05	439	500	22	433	45	0.044	0.866	0.09
0.2	20	0.05	440	500	22	430	48	0.044	0.86	0.096
0.2	20	0.05	441	500	18	442	40	0.036	0.884	0.08
0.2	20	0.05	442	500	20	441	39	0.04	0.882	0.078
0.2	20	0.05	443	500	21	438	41	0.042	0.876	0.082
0.2	20	0.05	444	500	15	444	41	0.03	0.888	0.082
0.2	20	0.05	445	500	15	441	44	0.03	0.882	0.088
0.2	20	0.05	446	500	16	448	36	0.032	0.896	0.072
0.2	20	0.05	447	500	19	435	46	0.038	0.87	0.092
0.2	20	0.05	448	500	14	434	52	0.028	0.868	0.104
0.2	20	0.05	449	500	16	443	41	0.032	0.886	0.082
0.2	20	0.05	450	500	19	425	56	0.038	0.85	0.112
0.2	20	0.05	451	500	11	431	58	0.022	0.862	0.116
0.2	20	0.05	452	500	14	442	44	0.028	0.884	0.088
0.2	20	0.05	453	500	17	436	47	0.034	0.872	0.094
0.2	20	0.05	454	500	16	431	53	0.032	0.862	0.106
0.2	20	0.05	455	500	19	431	50	0.038	0.862	0.1
0.2	20	0.05	456	500	18	433	49	0.036	0.866	0.098
0.2	20	0.05	457	500	29	425	46	0.058	0.85	0.092
0.2	20	0.05	458	500	25	434	41	0.05	0.868	0.082
0.2	20	0.05	459	500	17	445	38	0.034	0.89	0.076
0.2	20	0.05	460	500	17	449	34	0.034	0.898	0.068
0.2	20	0.05	461	500	16	437	47	0.032	0.874	0.094
0.2	20	0.05	462	500	11	446	43	0.022	0.892	0.086
0.2	20	0.05	463	500	22	436	42	0.044	0.872	0.084
0.2	20	0.05	464	500	20	446	34	0.04	0.892	0.068
0.2	20	0.05	465	500	16	440	44	0.032	0.88	0.088
0.2	20	0.05	466	500	13	449	38	0.026	0.898	0.076
0.2	20	0.05	467	500	27	439	34	0.054	0.878	0.068
0.2	20	0.05	468	500	15	443	42	0.03	0.886	0.084
0.2	20	0.05	469	500	8	451	41	0.016	0.902	0.082
0.2	20	0.05	470	500	12	442	46	0.024	0.884	0.092
0.2	20	0.05	471	500	21	441	38	0.042	0.882	0.076
0.2	20	0.05	472	500	16	444	40	0.032	0.888	0.08
0.2	20	0.05	473	500	18	439	43	0.036	0.878	0.086
0.2	20	0.05	474	500	10	435	55	0.02	0.87	0.11
0.2	20	0.05	475	500	14	441	45	0.028	0.882	0.09
0.2	20	0.05	476	500	12	451	37	0.024	0.902	0.074
0.2	20	0.05	477	500	13	448	39	0.026	0.896	0.078
0.2	20	0.05	478	500	6	451	43	0.012	0.902	0.086
0.2	20	0.05	479	500	14	455	31	0.028	0.91	0.062
0.2	20	0.05	480	500	19	435	46	0.038	0.87	0.092
0.2	20	0.05	481	500	22	444	34	0.044	0.888	0.068
0.2	20	0.05	482	500	14	446	40	0.028	0.892	0.08
0.2	20	0.05	483	500	19	440	41	0.038	0.88	0.082
0.2	20	0.05	484	500	11	439	50	0.022	0.878	0.1
0.2	20	0.05	485	500	11	456	33	0.022	0.912	0.066
0.2	20	0.05	486	500	13	446	41	0.026	0.892	0.082
0.2	20	0.05	487	500	16	445	39	0.032	0.89	0.078
0.2	20	0.05	488	500	18	436	46	0.036	0.872	0.092
0.2	20	0.05	489	500	24	428	48	0.048	0.856	0.096
0.2	20	0.05	490	500	17	444	39	0.034	0.888	0.078
0.2	20	0.05	491	500	9	451	40	0.018	0.902	0.08
0.2	20	0.05	492	500	21	431	48	0.042	0.862	0.096
0.2	20	0.05	493	500	16	446	38	0.032	0.892	0.076
0.2	20	0.05	494	500	12	448	40	0.024	0.896	0.08
0.2	20	0.05	495	500	9	444	47	0.018	0.888	0.094
0.2	20	0.05	496	500	16	443	41	0.032	0.886	0.082
0.2	20	0.05	497	500	13	438	49	0.026	0.876	0.098
0.2	20	0.05	498	500	20	441	39	0.04	0.882	0.078
0.2	20	0.05	499	500	12	443	45	0.024	0.886	0.09
0.2	20	0.05	500	500	17	439	44	0.034	0.878	0.088
0.2	20	0.05	501	500	12	460	28	0.024	0.92	0.056
0.2	20	0.05	502	500	11	439	50	0.022	0.878	0.1
0.2	20	0.05	503	500	19	444	37	0.038	0.888	0.074
0.2	20	0.05	504	500	15	438	47	0.03	0.876	0.094
0.2	20	0.05	505	500	19	443	38	0.038	0.886	0.076
0.2	20	0.05	506	500	16	452	32	0.032	0.904	0.064
0.2	20	0.05	507	500	17	444	39	0.034	0.888	0.078
0.2	20	0.05	508	500	15	451	34	0.03	0.902	0.068
0.2	20	0.05	509	500	20	437	43	0.04	0.874	0.086
0.2	20	0.05	510	500	15	454	31	0.03	0.908	0.062
0.2	20	0.05	511	500	21	448	31	0.042	0.896	0.062
0.2	20	0.05	512	500	13	447	40	0.026	0.894	0.08
0.2	20	0.05	513	500	20	449	31	0.04	0.898	0.062
0.2	20	0.05	514	500	19	438	43	0.038	0.876	0.086
0.2	20	0.05	515	500	18	446	36	0.036	0.892	0.072
0.2	20	0.05	516	500	22	433	45	0.044	0.866	0.09
0.2	20	0.05	517	500	22	439	39	0.044	0.878	0.078
0.2	20	0.05	518	500	14	444	42	0.028	0.888	0.084
0.2	20	0.05	519	500	13	447	40	0.026	0.894	0.08
0.2	20	0.05	520	500	14	443	43	0.028	0.886	0.086
0.2	20	0.05	521	500	14	440	46	0.028	0.88	0.092
0.2	20	0.05	522	500	16	440	44	0.032	0.88	0.088
0.2	20	0.05	523	500	14	458	28	0.028	0.916	0.056
0.2	20	0.05	524	500	12	466	22	0.024	0.932	0.044
0.2	20	0.05	525	500	8	456	36	0.016	0.912	0.072
0.2	20	0.05	526	500	18	447	35	0.036	0.894	0.07
0.2	20	0.05	527	500	5	463	32	0.01	0.926	0.064
0.2	20	0.05	528	500	25	443	32	0.05	0.886	0.064
0.2	20	0.05	529	500	17	447	36	0.034	0.894	0.072
0.2	20	0.05	530	500	12	462	26	0.024	0.924	0.052
0.2	20	0.05	531	500	21	435	44	0.042	0.87	0.088
0.2	20	0.05	532	500	11	455	34	0.022	0.91	0.068
0.2	20	0.05	533	500	11	460	29	0.022	0.92	0.058
0.2	20	0.05	534	500	11	449	40	0.022	0.898	0.08
0.2	20	0.05	535	500	17	448	35	0.034	0.896	0.07
0.2	20	0.05	536	500	12	453	35	0.024	0.906	0.07
0.2	20	0.05	537	500	11	452	37	0.022	0.904	0.074
0.2	20	0.05	538	500	13	454	33	0.026	0.908	0.066
0.2	20	0.05	539	500	15	460	25	0.03	0.92	0.05
0.2	20	0.05	540	500	17	460	23	0.034	0.92	0.046
0.2	20	0.05	541	500	9	455	36	0.018	0.91	0.072
0.2	20	0.05	542	500	19	443	38	0.038	0.886	0.076
0.2	20	0.05	543	500	15	454	31	0.03	0.908	0.062
0.2	20	0.05	544	500	14	448	38	0.028	0.896	0.076
0.2	20	0.05	545	500	9	463	28	0.018	0.926	0.056
0.2	20	0.05	546	500	10	447	43	0.02	0.894	0.086
0.2	20	0.05	547	500	10	463	27	0.02	0.926	0.054
0.2	20	0.05	548	500	17	452	31	0.034	0.904	0.062
0.2	20	0.05	549	500	18	453	29	0.036	0.906	0.058
0.2	20	0.05	550	500	12	461	27	0.024	0.922	0.054
0.2	20	0.05	551	500	12	454	34	0.024	0.908	0.068
0.2	20	0.05	552	500	13	449	38	0.026	0.898	0.076
0.2	20	0.05	553	500	18	443	39	0.036	0.886	0.078
0.2	20	0.05	554	500	8	462	30	0.016	0.924	0.06
0.2	20	0.05	555	500	13	456	31	0.026	0.912	0.062
0.2	20	0.05	556	500	14	470	16	0.028	0.94	0.032
0.2	20	0.05	557	500	13	461	26	0.026	0.922	0.052
0.2	20	0.05	558	500	9	453	38	0.018	0.906	0.076
0.2	20	0.05	559	500	12	462	26	0.024	0.924	0.052
0.2	20	0.05	560	500	12	452	36	0.024	0.904	0.072
0.2	20	0.05	561	500	10	458	32	0.02	0.916	0.064
0.2	20	0.05	562	500	13	456	31	0.026	0.912	0.062
0.2	20	0.05	563	500	17	455	28	0.034	0.91	0.056
0.2	20	0.05	564	500	16	459	25	0.032	0.918	0.05
0.2	20	0.05	565	500	16	456	28	0.032	0.912	0.056
0.2	20	0.05	566	500	6	461	33	0.012	0.922	0.066
0.2	20	0.05	567	500	18	455	27	0.036	0.91	0.054
0.2	20	0.05	568	500	13	442	45	0.026	0.884	0.09
0.2	20	0.05	569	500	16	453	31	0.032	0.906	0.062
0.2	20	0.05	570	500	11	445	44	0.022	0.89	0.088
0.2	20	0.05	571	500	9	462	29	0.018	0.924	0.058
0.2	20	0.05	572	500	11	459	30	0.022	0.918	0.06
0.2	20	0.05	573	500	11	455	34	0.022	0.91	0.068
0.2	20	0.05	574	500	12	457	31	0.024	0.914	0.062
0.2	20	0.05	575	500	14	455	31	0.028	0.91	0.062
0.2	20	0.05	576	500	17	453	30	0.034	0.906	0.06
0.2	20	0.05	577	500	18	446	36	0.036	0.892	0.072
0.2	20	0.05	578	500	17	442	41	0.034	0.884	0.082
0.2	20	0.05	579	500	15	451	34	0.03	0.902	0.068
0.2	20	0.05	580	500	12	462	26	0.024	0.924	0.052
0.2	20	0.05	581	500	12	466	22	0.024	0.932	0.044
0.2	20	0.05	582	500	12	455	33	0.024	0.91	0.066
0.2	20	0.05	583	500	10	464	26	0.02	0.928	0.052
0.2	20	0.05	584	500	18	453	29	0.036	0.906	0.058
0.2	20	0.05	585	500	15	455	30	0.03	0.91	0.06
0.2	20	0.05	586	500	18	451	31	0.036	0.902	0.062
0.2	20	0.05	587	500	8	460	32	0.016	0.92	0.064
0.2	20	0.05	588	500	9	460	31	0.018	0.92	0.062
0.2	20	0.05	589	500	16	461	23	0.032	0.922	0.046
0.2	20	0.05	590	500	12	457	31	0.024	0.914	0.062
0.2	20	0.05	591	500	12	463	25	0.024	0.926	0.05
0.2	20	0.05	592	500	16	450	34	0.032	0.9	0.068
0.2	20	0.05	593	500	15	463	22	0.03	0.926	0.044
0.2	20	0.05	594	500	12	461	27	0.024	0.922	0.054
0.2	20	0.05	595	500	12	455	33	0.024	0.91	0.066
0.2	20	0.05	596	500	8	456	36	0.016	0.912	0.072
0.2	20	0.05	597	500	16	456	28	0.032	0.912	0.056
0.2	20	0.05	598	500	12	454	34	0.024	0.908	0.068
0.2	20	0.05	599	500	11	463	26	0.022	0.926	0.052
0.2	20	0.05	600	500	13	461	26	0.026	0.922	0.052
0.2	20	0.05	601	500	5	462	33	0.01	0.924	0.066
0.2	20	0.05	602	500	10	468	22	0.02	0.936	0.044
0.2	20	0.05	603	500	12	455	33	0.024	0.91	0.066
0.2	20	0.05	604	500	16	455	29	0.032	0.91	0.058
0.2	20	0.05	605	500	9	470	21	0.018	0.94	0.042
0.2	20	0.05	606	500	12	461	27	0.024	0.922	0.054
0.2	20	0.05	607	500	5	467	28	0.01	0.934	0.056
0.2	20	0.05	608	500	11	451	38	0.022	0.902	0.076
0.2	20	0.05	609	500	11	461	28	0.022	0.922	0.056
0.2	20	0.05	610	500	13	456	31	0.026	0.912	0.062
0.2	20	0.05	611	500	10	456	34	0.02	0.912	0.068
0.2	20	0.05	612	500	10	457	33	0.02	0.914	0.066
0.2	20	0.05	613	500	5	467	28	0.01	0.934	0.056
0.2	20	0.05	614	500	6	474	20	0.012	0.948	0.04
0.2	20	0.05	615	500	6	475	19	0.012	0.95	0.038
0.2	20	0.05	616	500	10	460	30	0.02	0.92	0.06
0.2	20	0.05	617	500	6	469	25	0.012	0.938	0.05
0.2	20	0.05	618	500	13	461	26	0.026	0.922	0.052
0.2	20	0.05	619	500	11	461	28	0.022	0.922	0.056
0.2	20	0.05	620	500	12	462	26	0.024	0.924	0.052
0.2	20	0.05	621	500	20	454	26	0.04	0.908	0.052
0.2	20	0.05	622	500	13	456	31	0.026	0.912	0.062
0.2	20	0.05	623	500	3	470	27	0.006	0.94	0.054
0.2	20	0.05	624	500	10	465	25	0.02	0.93	0.05
0.2	20	0.05	625	500	7	460	33	0.014	0.92	0.066
0.2	20	0.05	626	500	13	454	33	0.026	0.908	0.066
0.2	20	0.05	627	500	9	467	24	0.018	0.934	0.048
0.2	20	0.05	628	500	6	472	22	0.012	0.944	0.044
0.2	20	0.05	629	500	7	472	21	0.014	0.944	0.042
0.2	20	0.05	630	500	9	471	20	0.018	0.942	0.04
0.2	20	0.05	631	500	12	465	23	0.024	0.93	0.046
0.2	20	0.05	632	500	12	460	28	0.024	0.92	0.056
0.2	20	0.05	633	500	10	469	21	0.02	0.938	0.042
0.2	20	0.05	634	500	11	461	28	0.022	0.922	0.056
0.2	20	0.05	635	500	7	464	29	0.014	0.928	0.058
0.2	20	0.05	636	500	13	464	23	0.026	0.928	0.046
0.2	20	0.05	637	500	10	462	28	0.02	0.924	0.056
0.2	20	0.05	638	500	16	454	30	0.032	0.908	0.06
0.2	20	0.05	639	500	10	474	16	0.02	0.948	0.032
0.2	20	0.05	640	500	13	464	23	0.026	0.928	0.046
0.2	20	0.05	641	500	9	472	19	0.018	0.944	0.038
0.2	20	0.05	642	500	9	472	19	0.018	0.944	0.038
0.2	20	0.05	643	500	9	461	30	0.018	0.922	0.06
0.2	20	0.05	644	500	13	453	34	0.026	0.906	0.068
0.2	20	0.05	645	500	9	472	19	0.018	0.944	0.038
0.2	20	0.05	646	500	6	465	29	0.012	0.93	0.058
0.2	20	0.05	647	500	9	465	26	0.018	0.93	0.052
0.2	20	0.05	648	500	5	472	23	0.01	0.944	0.046
0.2	20	0.05	649	500	9	474	17	0.018	0.948	0.034
0.2	20	0.05	650	500	14	459	27	0.028	0.918	0.054
0.2	20	0.05	651	500	16	454	30	0.032	0.908	0.06
0.2	20	0.05	652	500	8	472	20	0.016	0.944	0.04
0.2	20	0.05	653	500	11	463	26	0.022	0.926	0.052
0.2	20	0.05	654	500	9	467	24	0.018	0.934	0.048
0.2	20	0.05	655	500	9	467	24	0.018	0.934	0.048
0.2	20	0.05	656	500	6	472	22	0.012	0.944	0.044
0.2	20	0.05	657	500	10	469	21	0.02	0.938	0.042
0.2	20	0.05	658	500	17	459	24	0.034	0.918	0.048
0.2	20	0.05	659	500	8	472	20	0.016	0.944	0.04
0.2	20	0.05	660	500	13	469	18	0.026	0.938	0.036
0.2	20	0.05	661	500	5	459	36	0.01	0.918	0.072
0.2	20	0.05	662	500	9	473	18	0.018	0.946	0.036
0.2	20	0.05	663	500	11	467	22	0.022	0.934	0.044
0.2	20	0.05	664	500	13	468	19	0.026	0.936	0.038
0.2	20	0.05	665	500	10	464	26	0.02	0.928	0.052
0.2	20	0.05	666	500	7	466	27	0.014	0.932	0.054
0.2	20	0.05	667	500	10	458	32	0.02	0.916	0.064
0.2	20	0.05	668	500	12	460	28	0.024	0.92	0.056
0.2	20	0.05	669	500	10	467	23	0.02	0.934	0.046
0.2	20	0.05	670	500	8	472	20	0.016	0.944	0.04
0.2	20	0.05	671	500	9	473	18	0.018	0.946	0.036
0.2	20	0.05	672	500	9	471	20	0.018	0.942	0.04
0.2	20	0.05	673	500	4	474	22	0.008	0.948	0.044
0.2	20	0.05	674	500	9	470	21	0.018	0.94	0.042
0.2	20	0.05	675	500	10	472	18	0.02	0.944	0.036
0.2	20	0.05	676	500	15	459	26	0.03	0.918	0.052
0.2	20	0.05	677	500	10	467	23	0.02	0.934	0.046
0.2	20	0.05	678	500	14	464	22	0.028	0.928	0.044
0.2	20	0.05	679	500	9	459	32	0.018	0.918	0.064
0.2	20	0.05	680	500	10	468	22	0.02	0.936	0.044
0.2	20	0.05	681	500	9	464	27	0.018	0.928	0.054
0.2	20	0.05	682	500	10	474	16	0.02	0.948	0.032
0.2	20	0.05	683	500	8	477	15	0.016	0.954	0.03
0.2	20	0.05	684	500	6	474	20	0.012	0.948	0.04
0.2	20	0.05	685	500	7	467	26	0.014	0.934	0.052
0.2	20	0.05	686	500	8	474	18	0.016	0.948	0.036
0.2	20	0.05	687	500	8	473	19	0.016	0.946	0.038
0.2	20	0.05	688	500	10	475	15	0.02	0.95	0.03
0.2	20	0.05	689	500	11	461	28	0.022	0.922	0.056
0.2	20	0.05	690	500	14	468	18	0.028	0.936	0.036
0.2	20	0.05	691	500	4	479	17	0.008	0.958	0.034
0.2	20	0.05	692	500	11	471	18	0.022	0.942	0.036
0.2	20	0.05	693	500	13	472	15	0.026	0.944	0.03
0.2	20	0.05	694	500	14	459	27	0.028	0.918	0.054
0.2	20	0.05	695	500	5	468	27	0.01	0.936	0.054
0.2	20	0.05	696	500	10	477	13	0.02	0.954	0.026
0.2	20	0.05	697	500	5	474	21	0.01	0.948	0.042
0.2	20	0.05	698	500	12	472	16	0.024	0.944	0.032
0.2	20	0.05	699	500	5	472	23	0.01	0.944	0.046
0.2	20	0.05	700	500	12	466	22	0.024	0.932	0.044
0.2	20	0.05	701	500	12	468	20	0.024	0.936	0.04
0.2	20	0.05	702	500	10	469	21	0.02	0.938	0.042
0.2	20	0.05	703	500	5	485	10	0.01	0.97	0.02
0.2	20	0.05	704	500	7	474	19	0.014	0.948	0.038
0.2	20	0.05	705	500	12	474	14	0.024	0.948	0.028
0.2	20	0.05	706	500	5	469	26	0.01	0.938	0.052
0.2	20	0.05	707	500	5	472	23	0.01	0.944	0.046
0.2	20	0.05	708	500	8	470	22	0.016	0.94	0.044
0.2	20	0.05	709	500	6	478	16	0.012	0.956	0.032
0.2	20	0.05	710	500	9	464	27	0.018	0.928	0.054
0.2	20	0.05	711	500	12	473	15	0.024	0.946	0.03
0.2	20	0.05	712	500	9	471	20	0.018	0.942	0.04
0.2	20	0.05	713	500	11	479	10	0.022	0.958	0.02
0.2	20	0.05	714	500	7	469	24	0.014	0.938	0.048
0.2	20	0.05	715	500	9	477	14	0.018	0.954	0.028
0.2	20	0.05	716	500	14	463	23	0.028	0.926	0.046
0.2	20	0.05	717	500	6	476	18	0.012	0.952	0.036
0.2	20	0.05	718	500	4	481	15	0.008	0.962	0.03
0.2	20	0.05	719	500	3	478	19	0.006	0.956	0.038
0.2	20	0.05	720	500	12	472	16	0.024	0.944	0.032
0.2	20	0.05	721	500	9	470	21	0.018	0.94	0.042
0.2	20	0.05	722	500	9	471	20	0.018	0.942	0.04
0.2	20	0.05	723	500	7	475	18	0.014	0.95	0.036
0.2	20	0.05	724	500	14	476	10	0.028	0.952	0.02
0.2	20	0.05	725	500	6	469	25	0.012	0.938	0.05
0.2	20	0.05	726	500	3	475	22	0.006	0.95	0.044
0.2	20	0.05	727	500	11	478	11	0.022	0.956	0.022
0.2	20	0.05	728	500	12	471	17	0.024	0.942	0.034
0.2	20	0.05	729	500	9	476	15	0.018	0.952	0.03
0.2	20	0.05	730	500	9	478	13	0.018	0.956	0.026
0.2	20	0.05	731	500	6	475	19	0.012	0.95	0.038
0.2	20	0.05	732	500	11	475	14	0.022	0.95	0.028
0.2	20	0.05	733	500	10	467	23	0.02	0.934	0.046
0.2	20	0.05	734	500	3	476	21	0.006	0.952	0.042
0.2	20	0.05	735	500	8	475	17	0.016	0.95	0.034
0.2	20	0.05	736	500	11	475	14	0.022	0.95	0.028
0.2	20	0.05	737	500	7	480	13	0.014	0.96	0.026
0.2	20	0.05	738	500	9	464	27	0.018	0.928	0.054
0.2	20	0.05	739	500	10	473	17	0.02	0.946	0.034
0.2	20	0.05	740	500	8	466	26	0.016	0.932	0.052
0.2	20	0.05	741	500	6	479	15	0.012	0.958	0.03
0.2	20	0.05	742	500	5	476	19	0.01	0.952	0.038
0.2	20	0.05	743	500	9	472	19	0.018	0.944	0.038
0.2	20	0.05	744	500	9	477	14	0.018	0.954	0.028
0.2	20	0.05	745	500	8	478	14	0.016	0.956	0.028
0.2	20	0.05	746	500	5	478	17	0.01	0.956	0.034
0.2	20	0.05	747	500	4	481	15	0.008	0.962	0.03
0.2	20	0.05	748	500	7	475	18	0.014	0.95	0.036
0.2	20	0.05	749	500	11	476	13	0.022	0.952	0.026
0.2	20	0.05	750	500	6	472	22	0.012	0.944	0.044
0.2	20	0.05	751	500	14	472	14	0.028	0.944	0.028
0.2	20	0.05	752	500	7	481	12	0.014	0.962	0.024
0.2	20	0.05	753	500	7	473	20	0.014	0.946	0.04
0.2	20	0.05	754	500	11	470	19	0.022	0.94	0.038
0.2	20	0.05	755	500	11	473	16	0.022	0.946	0.032
0.2	20	0.05	756	500	7	474	19	0.014	0.948	0.038
0.2	20	0.05	757	500	7	479	14	0.014	0.958	0.028
0.2	20	0.05	758	500	7	479	14	0.014	0.958	0.028
0.2	20	0.05	759	500	3	476	21	0.006	0.952	0.042
0.2	20	0.05	760	500	11	470	19	0.022	0.94	0.038
0.2	20	0.05	761	500	6	475	19	0.012	0.95	0.038
0.2	20	0.05	762	500	5	472	23	0.01	0.944	0.046
0.2	20	0.05	763	500	5	472	23	0.01	0.944	0.046
0.2	20	0.05	764	500	8	476	16	0.016	0.952	0.032
0.2	20	0.05	765	500	10	480	10	0.02	0.96	0.02
0.2	20	0.05	766	500	3	476	21	0.006	0.952	0.042
0.2	20	0.05	767	500	6	475	19	0.012	0.95	0.038
0.2	20	0.05	768	500	8	476	16	0.016	0.952	0.032
0.2	20	0.05	769	500	6	485	9	0.012	0.97	0.018
0.2	20	0.05	770	500	6	477	17	0.012	0.954	0.034
0.2	20	0.05	771	500	3	481	16	0.006	0.962	0.032
0.2	20	0.05	772	500	4	473	23	0.008	0.946	0.046
0.2	20	0.05	773	500	9	476	15	0.018	0.952	0.03
0.2	20	0.05	774	500	4	484	12	0.008	0.968	0.024
0.2	20	0.05	775	500	10	475	15	0.02	0.95	0.03
0.2	20	0.05	776	500	8	475	17	0.016	0.95	0.034
0.2	20	0.05	777	500	7	474	19	0.014	0.948	0.038
0.2	20	0.05	778	500	9	469	22	0.018	0.938	0.044
0.2	20	0.05	779	500	5	480	15	0.01	0.96	0.03
0.2	20	0.05	780	500	10	468	22	0.02	0.936	0.044
0.2	20	0.05	781	500	7	472	21	0.014	0.944	0.042
0.2	20	0.05	782	500	5	490	5	0.01	0.98	0.01
0.2	20	0.05	783	500	5	481	14	0.01	0.962	0.028
0.2	20	0.05	784	500	6	481	13	0.012	0.962	0.026
0.2	20	0.05	785	500	7	474	19	0.014	0.948	0.038
0.2	20	0.05	786	500	5	476	19	0.01	0.952	0.038
0.2	20	0.05	787	500	5	477	18	0.01	0.954	0.036
0.2	20	0.05	788	500	5	477	18	0.01	0.954	0.036
0.2	20	0.05	789	500	10	479	11	0.02	0.958	0.022
0.2	20	0.05	790	500	5	483	12	0.01	0.966	0.024
0.2	20	0.05	791	500	8	476	16	0.016	0.952	0.032
0.2	20	0.05	792	500	9	477	14	0.018	0.954	0.028
0.2	20	0.05	793	500	7	477	16	0.014	0.954	0.032
0.2	20	0.05	794	500	3	480	17	0.006	0.96	0.034
0.2	20	0.05	795	500	5	481	14	0.01	0.962	0.028
0.2	20	0.05	796	500	5	481	14	0.01	0.962	0.028
0.2	20	0.05	797	500	8	479	13	0.016	0.958	0.026
0.2	20	0.05	798	500	5	471	24	0.01	0.942	0.048
0.2	20	0.05	799	500	16	471	13	0.032	0.942	0.026
0.2	20	0.05	800	500	5	486	9	0.01	0.972	0.018
0.2	20	0.05	801	500	8	480	12	0.016	0.96	0.024
0.2	20	0.05	802	500	6	480	14	0.012	0.96	0.028
0.2	20	0.05	803	500	9	476	15	0.018	0.952	0.03
0.2	20	0.05	804	500	5	477	18	0.01	0.954	0.036
0.2	20	0.05	805	500	2	483	15	0.004	0.966	0.03
0.2	20	0.05	806	500	9	475	16	0.018	0.95	0.032
0.2	20	0.05	807	500	6	472	22	0.012	0.944	0.044
0.2	20	0.05	808	500	8	477	15	0.016	0.954	0.03
0.2	20	0.05	809	500	6	474	20	0.012	0.948	0.04
0.2	20	0.05	810	500	6	478	16	0.012	0.956	0.032
0.2	20	0.05	811	500	6	475	19	0.012	0.95	0.038
0.2	20	0.05	812	500	11	478	11	0.022	0.956	0.022
0.2	20	0.05	813	500	5	472	23	0.01	0.944	0.046
0.2	20	0.05	814	500	7	478	15	0.014	0.956	0.03
0.2	20	0.05	815	500	4	477	19	0.008	0.954	0.038
0.2	20	0.05	816	500	5	479	16	0.01	0.958	0.032
0.2	20	0.05	817	500	8	474	18	0.016	0.948	0.036
0.2	20	0.05	818	500	1	481	18	0.002	0.962	0.036
0.2	20	0.05	819	500	4	481	15	0.008	0.962	0.03
0.2	20	0.05	820	500	6	485	9	0.012	0.97	0.018
0.2	20	0.05	821	500	6	483	11	0.012	0.966	0.022
0.2	20	0.05	822	500	4	482	14	0.008	0.964	0.028
0.2	20	0.05	823	500	5	480	15	0.01	0.96	0.03
0.2	20	0.05	824	500	5	479	16	0.01	0.958	0.032
0.2	20	0.05	825	500	7	478	15	0.014	0.956	0.03
0.2	20	0.05	826	500	9	473	18	0.018	0.946	0.036
0.2	20	0.05	827	500	6	484	10	0.012	0.968	0.02
0.2	20	0.05	828	500	7	488	5	0.014	0.976	0.01
0.2	20	0.05	829	500	5	481	14	0.01	0.962	0.028
0.2	20	0.05	830	500	6	485	9	0.012	0.97	0.018
0.2	20	0.05	831	500	5	489	6	0.01	0.978	0.012
0.2	20	0.05	832	500	6	483	11	0.012	0.966	0.022
0.2	20	0.05	833	500	8	477	15	0.016	0.954	0.03
0.2	20	0.05	834	500	8	479	13	0.016	0.958	0.026
0.2	20	0.05	835	500	6	477	17	0.012	0.954	0.034
0.2	20	0.05	836	500	8	474	18	0.016	0.948	0.036
0.2	20	0.05	837	500	2	487	11	0.004	0.974	0.022
0.2	20	0.05	838	500	6	485	9	0.012	0.97	0.018
0.2	20	0.05	839	500	9	481	10	0.018	0.962	0.02
0.2	20	0.05	840	500	2	489	9	0.004	0.978	0.018
0.2	20	0.05	841	500	6	479	15	0.012	0.958	0.03
0.2	20	0.05	842	500	9	476	15	0.018	0.952	0.03
0.2	20	0.05	843	500	8	481	11	0.016	0.962	0.022
0.2	20	0.05	844	500	8	479	13	0.016	0.958	0.026
0.2	20	0.05	845	500	4	489	7	0.008	0.978	0.014
0.2	20	0.05	846	500	11	476	13	0.022	0.952	0.026
0.2	20	0.05	847	500	7	485	8	0.014	0.97	0.016
0.2	20	0.05	848	500	5	485	10	0.01	0.97	0.02
0.2	20	0.05	849	500	2	483	15	0.004	0.966	0.03
0.2	20	0.05	850	500	6	478	16	0.012	0.956	0.032
0.2	20	0.05	851	500	6	477	17	0.012	0.954	0.034
0.2	20	0.05	852	500	9	474	17	0.018	0.948	0.034
0.2	20	0.05	853	500	7	474	19	0.014	0.948	0.038
0.2	20	0.05	854	500	5	484	11	0.01	0.968	0.022
0.2	20	0.05	855	500	3	481	16	0.006	0.962	0.032
0.2	20	0.05	856	500	7	483	10	0.014	0.966	0.02
0.2	20	0.05	857	500	3	492	5	0.006	0.984	0.01
0.2	20	0.05	858	500	2	486	12	0.004	0.972	0.024
0.2	20	0.05	859	500	7	475	18	0.014	0.95	0.036
0.2	20	0.05	860	500	3	488	9	0.006	0.976	0.018
0.2	20	0.05	861	500	4	479	17	0.008	0.958	0.034
0.2	20	0.05	862	500	7	483	10	0.014	0.966	0.02
0.2	20	0.05	863	500	5	487	8	0.01	0.974	0.016
0.2	20	0.05	864	500	5	481	14	0.01	0.962	0.028
0.2	20	0.05	865	500	5	482	13	0.01	0.964	0.026
0.2	20	0.05	866	500	4	484	12	0.008	0.968	0.024
0.2	20	0.05	867	500	3	489	8	0.006	0.978	0.016
0.2	20	0.05	868	500	5	486	9	0.01	0.972	0.018
0.2	20	0.05	869	500	2	482	16	0.004	0.964	0.032
0.2	20	0.05	870	500	8	474	18	0.016	0.948	0.036
0.2	20	0.05	871	500	6	489	5	0.012	0.978	0.01
0.2	20	0.05	872	500	5	483	12	0.01	0.966	0.024
0.2	20	0.05	873	500	3	483	14	0.006	0.966	0.028
0.2	20	0.05	874	500	4	481	15	0.008	0.962	0.03
0.2	20	0.05	875	500	3	491	6	0.006	0.982	0.012
0.2	20	0.05	876	500	7	483	10	0.014	0.966	0.02
0.2	20	0.05	877	500	6	485	9	0.012	0.97	0.018
0.2	20	0.05	878	500	5	483	12	0.01	0.966	0.024
0.2	20	0.05	879	500	8	479	13	0.016	0.958	0.026
0.2	20	0.05	880	500	3	486	11	0.006	0.972	0.022
0.2	20	0.05	881	500	5	488	7	0.01	0.976	0.014
0.2	20	0.05	882	500	9	478	13	0.018	0.956	0.026
0.2	20	0.05	883	500	2	489	9	0.004	0.978	0.018
0.2	20	0.05	884	500	6	483	11	0.012	0.966	0.022
0.2	20	0.05	885	500	3	491	6	0.006	0.982	0.012
0.2	20	0.05	886	500	4	482	14	0.008	0.964	0.028
0.2	20	0.05	887	500	3	484	13	0.006	0.968	0.026
0.2	20	0.05	888	500	11	482	7	0.022	0.964	0.014
0.2	20	0.05	889	500	8	483	9	0.016	0.966	0.018
0.2	20	0.05	890	500	4	481	15	0.008	0.962	0.03
0.2	20	0.05	891	500	10	474	16	0.02	0.948	0.032
0.2	20	0.05	892	500	8	484	8	0.016	0.968	0.016
0.2	20	0.05	893	500	7	480	13	0.014	0.96	0.026
0.2	20	0.05	894	500	6	486	8	0.012	0.972	0.016
0.2	20	0.05	895	500	2	485	13	0.004	0.97	0.026
0.2	20	0.05	896	500	2	488	10	0.004	0.976	0.02
0.2	20	0.05	897	500	6	485	9	0.012	0.97	0.018
0.2	20	0.05	898	500	4	480	16	0.008	0.96	0.032
0.2	20	0.05	899	500	5	474	21	0.01	0.948	0.042
0.2	20	0.05	900	500	4	484	12	0.008	0.968	0.024
0.2	20	0.05	901	500	4	483	13	0.008	0.966	0.026
0.2	20	0.05	902	500	4	485	11	0.008	0.97	0.022
0.2	20	0.05	903	500	5	485	10	0.01	0.97	0.02
0.2	20	0.05	904	500	4	487	9	0.008	0.974	0.018
0.2	20	0.05	905	500	8	473	19	0.016	0.946	0.038
0.2	20	0.05	906	500	6	484	10	0.012	0.968	0.02
0.2	20	0.05	907	500	6	488	6	0.012	0.976	0.012
0.2	20	0.05	908	500	3	484	13	0.006	0.968	0.026
0.2	20	0.05	909	500	2	489	9	0.004	0.978	0.018
0.2	20	0.05	910	500	1	487	12	0.002	0.974	0.024
0.2	20	0.05	911	500	6	480	14	0.012	0.96	0.028
0.2	20	0.05	912	500	4	482	14	0.008	0.964	0.028
0.2	20	0.05	913	500	4	479	17	0.008	0.958	0.034
0.2	20	0.05	914	500	8	483	9	0.016	0.966	0.018
0.2	20	0.05	915	500	6	478	16	0.012	0.956	0.032
0.2	20	0.05	916	500	2	490	8	0.004	0.98	0.016
0.2	20	0.05	917	500	10	482	8	0.02	0.964	0.016
0.2	20	0.05	918	500	7	477	16	0.014	0.954	0.032
0.2	20	0.05	919	500	8	482	10	0.016	0.964	0.02
0.2	20	0.05	920	500	2	495	3	0.004	0.99	0.006
0.2	20	0.05	921	500	2	488	10	0.004	0.976	0.02
0.2	20	0.05	922	500	4	489	7	0.008	0.978	0.014
0.2	20	0.05	923	500	3	483	14	0.006	0.966	0.028
0.2	20	0.05	924	500	2	488	10	0.004	0.976	0.02
0.2	20	0.05	925	500	5	481	14	0.01	0.962	0.028
0.2	20	0.05	926	500	3	488	9	0.006	0.976	0.018
0.2	20	0.05	927	500	8	477	15	0.016	0.954	0.03
0.2	20	0.05	928	500	4	489	7	0.008	0.978	0.014
0.2	20	0.05	929	500	4	484	12	0.008	0.968	0.024
0.2	20	0.05	930	500	4	489	7	0.008	0.978	0.014
0.2	20	0.05	931	500	2	490	8	0.004	0.98	0.016
0.2	20	0.05	932	500	4	485	11	0.008	0.97	0.022
0.2	20	0.05	933	500	5	485	10	0.01	0.97	0.02
0.2	20	0.05	934	500	8	480	12	0.016	0.96	0.024
0.2	20	0.05	935	500	5	483	12	0.01	0.966	0.024
0.2	20	0.05	936	500	3	488	9	0.006	0.976	0.018
0.2	20	0.05	937	500	8	478	14	0.016	0.956	0.028
0.2	20	0.05	938	500	4	485	11	0.008	0.97	0.022
0.2	20	0.05	939	500	1	489	10	0.002	0.978	0.02
0.2	20	0.05	940	500	6	486	8	0.012	0.972	0.016
0.2	20	0.05	941	500	5	485	10	0.01	0.97	0.02
0.2	20	0.05	942	500	3	487	10	0.006	0.974	0.02
0.2	20	0.05	943	500	2	490	8	0.004	0.98	0.016
0.2	20	0.05	944	500	3	483	14	0.006	0.966	0.028
0.2	20	0.05	945	500	3	487	10	0.006	0.974	0.02
0.2	20	0.05	946	500	2	489	9	0.004	0.978	0.018
0.2	20	0.05	947	500	5	487	8	0.01	0.974	0.016
0.2	20	0.05	948	500	6	487	7	0.012	0.974	0.014
0.2	20	0.05	949	500	4	490	6	0.008	0.98	0.012
0.2	20	0.05	950	500	4	488	8	0.008	0.976	0.016
0.2	20	0.05	951	500	3	486	11	0.006	0.972	0.022
0.2	20	0.05	952	500	1	489	10	0.002	0.978	0.02
0.2	20	0.05	953	500	4	487	9	0.008	0.974	0.018
0.2	20	0.05	954	500	3	488	9	0.006	0.976	0.018
0.2	20	0.05	955	500	5	487	8	0.01	0.974	0.016
0.2	20	0.05	956	500	5	486	9	0.01	0.972	0.018
0.2	20	0.05	957	500	4	484	12	0.008	0.968	0.024
0.2	20	0.05	958	500	4	485	11	0.008	0.97	0.022
0.2	20	0.05	959	500	3	486	11	0.006	0.972	0.022
0.2	20	0.05	960	500	1	494	5	0.002	0.988	0.01
0.2	20	0.05	961	500	4	489	7	0.008	0.978	0.014
0.2	20	0.05	962	500	7	480	13	0.014	0.96	0.026
0.2	20	0.05	963	500	3	489	8	0.006	0.978	0.016
0.2	20	0.05	964	500	1	492	7	0.002	0.984	0.014
0.2	20	0.05	965	500	4	486	10	0.008	0.972	0.02
0.2	20	0.05	966	500	1	490	9	0.002	0.98	0.018
0.2	20	0.05	967	500	2	492	6	0.004	0.984	0.012
0.2	20	0.05	968	500	8	486	6	0.016	0.972	0.012
0.2	20	0.05	969	500	3	486	11	0.006	0.972	0.022
0.2	20	0.05	970	500	3	492	5	0.006	0.984	0.01
0.2	20	0.05	971	500	1	485	14	0.002	0.97	0.028
0.2	20	0.05	972	500	2	493	5	0.004	0.986	0.01
0.2	20	0.05	973	500	4	484	12	0.008	0.968	0.024
0.2	20	0.05	974	500	3	490	7	0.006	0.98	0.014
0.2	20	0.05	975	500	3	486	11	0.006	0.972	0.022
0.2	20	0.05	976	500	3	488	9	0.006	0.976	0.018
0.2	20	0.05	977	500	4	485	11	0.008	0.97	0.022
0.2	20	0.05	978	500	2	484	14	0.004	0.968	0.028
0.2	20	0.05	979	500	4	486	10	0.008	0.972	0.02
0.2	20	0.05	980	500	3	487	10	0.006	0.974	0.02
0.2	20	0.05	981	500	3	489	8	0.006	0.978	0.016
0.2	20	0.05	982	500	6	490	4	0.012	0.98	0.008
0.2	20	0.05	983	500	2	488	10	0.004	0.976	0.02
0.2	20	0.05	984	500	3	486	11	0.006	0.972	0.022
0.2	20	0.05	985	500	3	489	8	0.006	0.978	0.016
0.2	20	0.05	986	500	2	493	5	0.004	0.986	0.01
0.2	20	0.05	987	500	0	491	9	0	0.982	0.018
0.2	20	0.05	988	500	2	488	10	0.004	0.976	0.02
0.2	20	0.05	989	500	1	493	6	0.002	0.986	0.012
0.2	20	0.05	990	500	5	485	10	0.01	0.97	0.02
0.2	20	0.05	991	500	4	482	14	0.008	0.964	0.028
0.2	20	0.05	992	500	6	485	9	0.012	0.97	0.018
0.2	20	0.05	993	500	11	483	6	0.022	0.966	0.012
0.2	20	0.05	994	500	7	487	6	0.014	0.974	0.012
0.2	20	0.05	995	500	4	483	13	0.008	0.966	0.026
0.2	20	0.05	996	500	4	485	11	0.008	0.97	0.022
0.2	20	0.05	997	500	2	486	12	0.004	0.972	0.024
0.2	20	0.05	998	500	3	490	7	0.006	0.98	0.014
0.2	20	0.05	999	500	7	483	10	0.014	0.966	0.02
0.2	20	0.05	1000	500	5	485	10	0.01	0.97	0.02
